1.478792360186081678e-01,2.101710366172563071e-01,2.327342942423845373e-01,1.912708179361667649e-01,2.179446151855841951e-01
1.412640052746978458e-01,1.754630919127576905e-01,2.329584915361325448e-01,2.049384331151239969e-01,2.453759781612878110e-01
1.437269384605963374e-01,1.686497859619104922e-01,2.845868577557246759e-01,2.164059977011257019e-01,1.866304201206427371e-01
1.417742148868007535e-01,2.146730823964239365e-01,2.501773643959050997e-01,1.947309020556327874e-01,1.986444362652373674e-01
1.418957489958055929e-01,2.131669083953597055e-01,2.753997367748059477e-01,1.892507869851588476e-01,1.802868188488699064e-01
1.342188332673380224e-01,2.030676266991535139e-01,2.730694735557753217e-01,1.990718491064186468e-01,1.905722173713144951e-01
1.684553091898756405e-01,2.185301049609517099e-01,2.537362867888968143e-01,1.601272831581228850e-01,1.991510159021529225e-01
1.584666193984295701e-01,2.085649671574877073e-01,2.594584669920592668e-01,1.680406729155775047e-01,2.054692735364459510e-01
1.976598942465929154e-01,1.830955828654782791e-01,2.471433782638695065e-01,1.854540420511510690e-01,1.866471025729083133e-01
1.675607701136243022e-01,1.745809432969543940e-01,2.443715701438812227e-01,1.885771322633561231e-01,2.249095841821840136e-01
1.866388801173502199e-01,1.858945622572322764e-01,2.565248404074411126e-01,1.578336966628094140e-01,2.131080205551668660e-01
2.031838412401031080e-01,1.695613212596044361e-01,2.158250444237720389e-01,1.517832464319369967e-01,2.596465466445833647e-01
2.227067869366000652e-01,1.742685654934386652e-01,2.471684389996589848e-01,1.648772861023836411e-01,1.909789224679185882e-01
2.072920644624647590e-01,1.725597681166442798e-01,2.445447711393327894e-01,1.596138449533373860e-01,2.159895513282208135e-01
1.730094590820162315e-01,1.700464749075228377e-01,2.843655972173554369e-01,1.318961393743531829e-01,2.406823294187523943e-01
2.059981870231599455e-01,1.862435557319917223e-01,2.755622221272446826e-01,1.345734935433504642e-01,1.976225415742531299e-01
2.128807182380416108e-01,2.239480973941005981e-01,2.413063023296346810e-01,1.343587579663897691e-01,1.875061240718334243e-01
1.974312394853304231e-01,2.267728326490714430e-01,2.304420111244752378e-01,1.395770439609075875e-01,2.057768727802153363e-01
2.050798900857008222e-01,2.405611197106014287e-01,2.372393468984480280e-01,1.193786570041772688e-01,1.977409863010723967e-01
2.159727273129112279e-01,2.360654866282037578e-01,2.143907379028969218e-01,1.206025190733951702e-01,2.129685290825928667e-01
1.984934165091746805e-01,2.591320516305576360e-01,2.456784322555916888e-01,9.227617359144264786e-02,2.044199260132333329e-01
2.255695695924528343e-01,2.147937877904228521e-01,2.222101070847997129e-01,1.119054545096431902e-01,2.255210810226813689e-01
2.216430932322529523e-01,2.354211073028375789e-01,2.210884957828395114e-01,1.070060336169998821e-01,2.148412700650699225e-01
1.672907864238852294e-01,2.294075326991425745e-01,2.648745875137902828e-01,1.264168620349697403e-01,2.120102313282121731e-01
2.229596861256279983e-01,1.682385892882747314e-01,2.292564787019932548e-01,1.307007408635073864e-01,2.488445050205966569e-01
2.212994250854236344e-01,1.953740955095248366e-01,1.896927257897448038e-01,1.460967984243514983e-01,2.475369551909551991e-01
1.790133157700499744e-01,2.021180436615798992e-01,1.953215456554924512e-01,1.731883544080496939e-01,2.503587405048279257e-01
1.563784556801659231e-01,2.508528078110924819e-01,1.769799384003288290e-01,1.478098121781155350e-01,2.679789859302972865e-01
1.435993559038827028e-01,2.472191958981027893e-01,2.138565251911300757e-01,1.269411522103583434e-01,2.683837707965261443e-01
1.626331233778461893e-01,2.433064258821617809e-01,2.088960385794823571e-01,1.318515313651964505e-01,2.533128807953132777e-01
1.642920343534074457e-01,2.504815556418726330e-01,1.852961656827326609e-01,1.616269774085095090e-01,2.383032669134777515e-01
1.742935473700414351e-01,1.852603792618381928e-01,2.128638452202314402e-01,1.647223371962196203e-01,2.628598909516691728e-01
1.570633617622852751e-01,1.945721911623770894e-01,2.176336440253148208e-01,1.477040625944887053e-01,2.830267404555340538e-01
1.293806681547323978e-01,1.780143718553031384e-01,2.321326857678849831e-01,1.555230843040564248e-01,3.049491899180231114e-01
1.416336923994309938e-01,2.289572355195127473e-01,2.453071495065080598e-01,1.311349516161595952e-01,2.529669709583885484e-01
1.409239405946980384e-01,2.031520957322663634e-01,2.041475222875809292e-01,1.571663090456447143e-01,2.946101323398100380e-01
1.304865910546784968e-01,1.932571223625078882e-01,2.445316691909572571e-01,1.701204026172845329e-01,2.616042147745717417e-01
1.200631557283610013e-01,2.497566365331243821e-01,1.994425397296866465e-01,1.668125506370055078e-01,2.639251173718223931e-01
1.207085763788307980e-01,2.056128900447855290e-01,2.391448393184189836e-01,1.580049756261218963e-01,2.765287186318428625e-01
1.189313732374722016e-01,2.205988608129341721e-01,2.407914611380447267e-01,1.706986069997547262e-01,2.489796978117941872e-01
1.199004965523414734e-01,1.893626102257739974e-01,2.653379301558555503e-01,1.759474569191389337e-01,2.494515061468899619e-01
1.175522636849986868e-01,2.000718876032793747e-01,2.743636327907116867e-01,1.629117366979663251e-01,2.451004792230438711e-01
1.070320298290164396e-01,1.617833720246461826e-01,2.322977612530850722e-01,1.529807978823439496e-01,3.459060390109084393e-01
9.293140013318224035e-02,2.121372811680839465e-01,2.727826698242323267e-01,1.592297205990492737e-01,2.629189282754521018e-01
1.357221210867279038e-01,1.855002828152031991e-01,2.467219224868058558e-01,1.576807361408124886e-01,2.743749374704505528e-01
1.265080865000402788e-01,2.077735576009205332e-01,2.361929642559878195e-01,1.016018362726842927e-01,3.279235553703669925e-01
1.414439675979776712e-01,1.382626861919067085e-01,3.367222397191032557e-01,1.583721129913187031e-01,2.251989934996936615e-01
1.407550989759175641e-01,1.622568633132193405e-01,3.256406930673913513e-01,1.231328225755217720e-01,2.482145220679499442e-01
1.972878405824834980e-01,2.127741000388347625e-01,2.665790651906967956e-01,1.299145362573040918e-01,1.934444579306808520e-01
1.567725807153400874e-01,1.783854866387618310e-01,2.440306168177648616e-01,1.483727984587302762e-01,2.724385173694029438e-01
1.208556817434496139e-01,1.940941912342376841e-01,2.810501478862341140e-01,1.041317194803408758e-01,2.998682596557376567e-01
1.200661995385290531e-01,1.707123429891227451e-01,3.127783737529399866e-01,1.044653516053167391e-01,2.919777321140914483e-01
1.580295788750396835e-01,1.587900736033682203e-01,2.975664095179532675e-01,8.767823174415800835e-02,2.979357062594809591e-01
1.327187585863148778e-01,1.337506662673129398e-01,3.029164989700690036e-01,1.060019959598088868e-01,3.246120802164941810e-01
1.395546791843360057e-01,1.471607135040132464e-01,3.133248487876898469e-01,1.049095720039021351e-01,2.950501865200587659e-01
1.975510659979811123e-01,1.613168317767088300e-01,3.150408322007321460e-01,7.963044083853200450e-02,2.464608291860459488e-01
1.709797473834181458e-01,1.813853789438757691e-01,2.913991440733265104e-01,7.659931061674478403e-02,2.796364189826348046e-01
1.473766243858242175e-01,1.966051510518082024e-01,3.167839056292250377e-01,7.057467141926718202e-02,2.686596475138753326e-01
1.567682904396029142e-01,1.747863373219740446e-01,2.818680900561391645e-01,8.691362170911488827e-02,2.996636604731690579e-01
1.218317213136644872e-01,1.330766746751127494e-01,3.197839510753886505e-01,1.232926469071039810e-01,3.020150060287300486e-01
1.300485792122574036e-01,1.341539635453604662e-01,3.327080757077796047e-01,1.086915664276481702e-01,2.943978151069543969e-01
1.043696652870736152e-01,1.200393849952257341e-01,3.714211461565313788e-01,1.071176402846672759e-01,2.970521632765020237e-01
1.127002074093485795e-01,1.680431489628148034e-01,3.457078233365283859e-01,9.609583102843052838e-02,2.774529892628776473e-01
1.103328125483680894e-01,1.730477382420154697e-01,3.654828172630296690e-01,1.125652407413822442e-01,2.385713912052045416e-01
1.224773628001844944e-01,1.538703670208761698e-01,3.800226456984664436e-01,1.237821245130871495e-01,2.198474999673858399e-01
1.273848653153438204e-01,1.533296859344564500e-01,3.659431921309222457e-01,1.486226153484953572e-01,2.047196412707821267e-01
1.837907446886953289e-01,1.244007601073131436e-01,4.014757121621699842e-01,9.201523492164702389e-02,1.983175481201746304e-01
1.679348812185802731e-01,1.586871763416098369e-01,3.181184174435547352e-01,1.535676488471165446e-01,2.016918761491385548e-01
1.411836455552702430e-01,1.541542585605428506e-01,2.997547408278598557e-01,1.425635748935738245e-01,2.623437801627531152e-01
1.300584227922064740e-01,1.403206424627647664e-01,3.272851049253911460e-01,1.415325296259005439e-01,2.608033001937369866e-01
1.414933801533307944e-01,1.438166797738517910e-01,3.336896848893797785e-01,1.476583125234933735e-01,2.333419426599442625e-01
1.057791118676165293e-01,1.454482623893861848e-01,3.430963426533886751e-01,1.627708453750286166e-01,2.429054377145800359e-01
1.201129029873171661e-01,1.438128818908306072e-01,3.445676176452076023e-01,1.644984936556245780e-01,2.270081038210201019e-01
1.150046150502973957e-01,1.543976079209664620e-01,3.566391113696700255e-01,1.583716557475300102e-01,2.155870099115360650e-01
1.025931169066848225e-01,1.531231549996291130e-01,3.614487627820890947e-01,1.528018116444149754e-01,2.300331536671819666e-01
1.185343769603891678e-01,1.466713847574121765e-01,3.588585662131150156e-01,1.442533878050497320e-01,2.316822842640339775e-01
9.969268987143586891e-02,1.650427136494580505e-01,4.003375135862649592e-01,1.046095982960774246e-01,2.303174845967637108e-01
7.309906452351884465e-02,1.760812326434272046e-01,3.660724831642744315e-01,1.221628634156308735e-01,2.625843562531485764e-01
9.480209063884560694e-02,1.586781468675477758e-01,3.428677795512498072e-01,9.984937094734329388e-02,3.038026119950134607e-01
8.759637534313249874e-02,1.496191634049222341e-01,3.735335635797930598e-01,1.235270149632311520e-01,2.657238827089211108e-01
7.102082672570605992e-02,1.285938497133910785e-01,3.948633833466139720e-01,1.160124032482447998e-01,2.895095369660440898e-01
7.585461471139519352e-02,1.039614549051047082e-01,4.584436581958074575e-01,1.069187154903308984e-01,2.548215566973617840e-01
6.263590291622835038e-02,1.273036593857711507e-01,4.654568525112904864e-01,1.114680643558381701e-01,2.331355208308718840e-01
7.228181814839187980e-02,1.437792524087253831e-01,4.015488949835973598e-01,1.242373253437901170e-01,2.581527091154952047e-01
9.397778086506330952e-02,1.245846644558973454e-01,3.969869833637894585e-01,1.369629779033887940e-01,2.474875934118610510e-01
1.154783753739183072e-01,1.422372483090517115e-01,3.637862330359811214e-01,1.232597806246936573e-01,2.552383626563551888e-01
1.200138384393861085e-01,1.379453755452301200e-01,3.742267581385083086e-01,1.153089217312778525e-01,2.525051061455976242e-01
8.071087946499132249e-02,9.387182131844661048e-02,3.615232687356966235e-01,1.761100208382020416e-01,2.877840096426633743e-01
8.997629157045815285e-02,1.257238541958587974e-01,3.321286900610767034e-01,1.677692776054995616e-01,2.844018865671067986e-01
1.186762858618609778e-01,1.397434781449740648e-01,3.354670630555312005e-01,1.374893529401447212e-01,2.686238199974890772e-01
8.175074148761855841e-02,1.058350378170215544e-01,3.564224823359910532e-01,1.529483701071268076e-01,3.030433682522421512e-01
9.545776031744035439e-02,1.328062429351585527e-01,3.447700854659077052e-01,1.660811956192035366e-01,2.608847156622898789e-01
1.080029029510058969e-01,1.207957601306809681e-01,3.493553797211505496e-01,1.639347525288327168e-01,2.579112046683297854e-01
1.052696018718459470e-01,8.406530625806947488e-02,3.749820110423603414e-01,1.332741270396716748e-01,3.024089537880526590e-01
1.261563588082132703e-01,1.243910798823408409e-01,3.256286469166622122e-01,1.373239570740451831e-01,2.864999573187385629e-01
1.198958508812405788e-01,1.356656326020634074e-01,3.421122880853292858e-01,1.211500773168285444e-01,2.811761511145381975e-01
1.189551355348375250e-01,1.023952576966099398e-01,3.268154065915470641e-01,1.607876441420809377e-01,2.910465560349246306e-01
1.437997799590647052e-01,1.462052789830266264e-01,2.773199902126878835e-01,1.350679199748451575e-01,2.976070308703755996e-01
1.237007572285843404e-01,1.157406339274510837e-01,2.924738291695589965e-01,1.662894406150768889e-01,3.017953390593286489e-01
1.411421235016918629e-01,1.015214843021745722e-01,3.268985226177387182e-01,1.363726748638072195e-01,2.940651947145876410e-01
1.334342539195833011e-01,1.098237351179508353e-01,3.879699302565333685e-01,1.086329976881371395e-01,2.601390830177953695e-01
9.278500482029684859e-02,1.456949546562453235e-01,3.396492018447463401e-01,1.331844416931991515e-01,2.886863969855122947e-01
9.292316298145861242e-02,1.379762867326220777e-01,3.924848912444950377e-01,1.069328298444547076e-01,2.696828291969696201e-01
8.544147653706064827e-02,1.437527557786821564e-01,3.758915510869295096e-01,1.199571376355550306e-01,2.749570789617726829e-01
8.327710974572555269e-02,1.574508704172454809e-01,3.226379142884213125e-01,1.271267623444675976e-01,3.095073432041400285e-01
1.137298998540553913e-01,1.474351709068320304e-01,3.100847878247914302e-01,8.670997395602023095e-02,3.420401674583008478e-01
1.006576028166912551e-01,1.726253023234405048e-01,3.141019324673718915e-01,1.035553738615149211e-01,3.090597885309813719e-01
1.250845132978713470e-01,1.637445465465011685e-01,2.928846092467882190e-01,9.962586195821526713e-02,3.186604689506238874e-01
1.326464426191731882e-01,1.556496410011528053e-01,2.809887290856077913e-01,9.475098514698011842e-02,3.359642021470861106e-01
1.232347908181154750e-01,1.729004098239975695e-01,2.687265281011332330e-01,1.076073170207752089e-01,3.275309542359785553e-01
1.151864838352192055e-01,1.656736580678490056e-01,2.980763696637929172e-01,9.623250139436349826e-02,3.248309870387754428e-01
7.728154854687606379e-02,2.259626015056854786e-01,2.752361940920720618e-01,1.020636213698339345e-01,3.194560344855325029e-01
1.309547708670224797e-01,1.846475912627384142e-01,2.752496938350985078e-01,9.605891077777230225e-02,3.130890332573682544e-01
1.760167079691122294e-01,1.589337814609659005e-01,2.968882934904910620e-01,8.544324577507311780e-02,2.827179713043578291e-01
1.364105843444589905e-01,1.422377954975191650e-01,2.912689468138863758e-01,1.050989734822122129e-01,3.249836998619231587e-01
1.020745795764851083e-01,1.388032022148231459e-01,2.859270784459029269e-01,8.632699988057211671e-02,3.868681398822166884e-01
1.138931017168031551e-01,1.655084605653236174e-01,2.937318481869986009e-01,1.031589157519124944e-01,3.237076737789621461e-01
9.998486080144142196e-02,1.906244730441364332e-01,2.906288456732079029e-01,1.091173146995303156e-01,3.096445057816840096e-01
8.441432570358993470e-02,1.730084345792854417e-01,3.167552616502414820e-01,1.233888086897062808e-01,3.024331693771769025e-01
1.365435522421482861e-01,1.401851095331447805e-01,3.226358715669455646e-01,1.227897882227756143e-01,2.778456784349857545e-01
1.409790839198513945e-01,1.504588106946616044e-01,2.621222511129718269e-01,1.107473506769014598e-01,3.356925035956136449e-01
1.206785642531414543e-01,1.629052467909815893e-01,3.198389301512128413e-01,1.208005942665648647e-01,2.757766645380992365e-01
9.142726745408465139e-02,1.640448205946313243e-01,2.854867686354108924e-01,1.505730122082896971e-01,3.084681311075834209e-01
1.110461045333403507e-01,1.446201381846023148e-01,2.875840687148845665e-01,1.454357052990067622e-01,3.113139832681660057e-01
1.303783793442393757e-01,1.334900588261061505e-01,2.571170450124885543e-01,1.306935139324571227e-01,3.483210028847087414e-01
7.403334112900508690e-02,1.450643222961482681e-01,3.018313050885065851e-01,1.670230626348908620e-01,3.120479688514491423e-01
9.604495063975257430e-02,1.483782632102390586e-01,3.002123741099161913e-01,1.303179878271275294e-01,3.250464242129645909e-01
1.052884396210653078e-01,1.670972967334433679e-01,3.014750484662447882e-01,1.039721146310390726e-01,3.221671005482074079e-01
1.329542698774754672e-01,1.796278255331583695e-01,2.695279832764328476e-01,1.107134142468959997e-01,3.071765070660373853e-01
1.006524212694234061e-01,1.637348290897288339e-01,2.774349298488098525e-01,9.481615482937300055e-02,3.633616649626649764e-01
7.767298866953932512e-02,1.929042142164772988e-01,2.537692248441695830e-01,1.022504517113869693e-01,3.734031205584268376e-01
9.297022566802368160e-02,1.883732383985589898e-01,2.653614414255767717e-01,8.823224733725590352e-02,3.650628471705847367e-01
9.791399898587797856e-02,1.772382604970573761e-01,2.731085656039125009e-01,8.832459930961088224e-02,3.634145756035413455e-01
1.019786183040752026e-01,1.508729844919182717e-01,2.689558659624446957e-01,1.322899450964262480e-01,3.459025861451356376e-01
1.140786762055471248e-01,1.267363978012890358e-01,2.927756761051730217e-01,1.321133515360669586e-01,3.342958983519238592e-01
1.120990802423030563e-01,1.231675672725257853e-01,2.687897989934997511e-01,1.152296526340143706e-01,3.807139008576571060e-01
9.070877045482543533e-02,1.832121404989497659e-01,2.197283264874456132e-01,1.068110064155692041e-01,3.995397561432099676e-01
8.140182696346152935e-02,1.798263356974956761e-01,2.675091789883510263e-01,1.273743110142887824e-01,3.438883473364029997e-01
7.966639249367993281e-02,1.630671301257438366e-01,2.433555407660484837e-01,1.363381794406379466e-01,3.775727571738898281e-01
6.258493008362493726e-02,1.774910436526115354e-01,2.629140313493980585e-01,1.243509668091447168e-01,3.726590281052207243e-01
8.730142543408127287e-02,1.936955774369095717e-01,2.406670620764954638e-01,1.383885992182688762e-01,3.399473358342448015e-01
1.005523591663816940e-01,1.655939907578758974e-01,2.825340393617695733e-01,1.094269003733862877e-01,3.418927103405865475e-01
1.358977486761327458e-01,1.733544181473901657e-01,2.792488784979521577e-01,7.846818822891175882e-02,3.330307664496132136e-01
1.212340975490036749e-01,1.523298105490489274e-01,2.937300741649402913e-01,1.066715277756718622e-01,3.260344899613353276e-01
1.153735537787302368e-01,1.497089564779062743e-01,2.802358902410150288e-01,9.677420529342381506e-02,3.579073942089247007e-01
1.412588932472189363e-01,1.441620367774405220e-01,2.968901623655649247e-01,8.658283491525411990e-02,3.311060726945214694e-01
1.312320301549225188e-01,1.831498192496477384e-01,2.677550517250500972e-01,1.220464931126764296e-01,2.958166057577031882e-01
1.242386098574011777e-01,1.559091916295596292e-01,2.671155391000891721e-01,1.479050326394534820e-01,3.048316267734965668e-01
1.363313717572083028e-01,1.590555505346774590e-01,2.895297864543430744e-01,1.265208379759511226e-01,2.885624532778200413e-01
1.377896009882203232e-01,1.580023289857157009e-01,2.352193653511248095e-01,1.600177505626234620e-01,3.089709541123157321e-01
1.473538632741701326e-01,1.101055756194657537e-01,2.221580526733090699e-01,1.703236774263317266e-01,3.500588310067233588e-01
1.423207595150509375e-01,1.404029200669732191e-01,2.184039570649860262e-01,1.859425245421888473e-01,3.129298388108009976e-01
1.586855524958444841e-01,1.356608693743129035e-01,2.080498791112062873e-01,1.580151215103595963e-01,3.395885775082767566e-01
1.691855512350028123e-01,1.376774337780226898e-01,2.376397612043446850e-01,1.319026777660712857e-01,3.235945760165584995e-01
1.750547714779009389e-01,1.405989037616369730e-01,1.890717112449339377e-01,1.356839981191816091e-01,3.595906153963466245e-01
2.336837065897293675e-01,1.566877150278457309e-01,1.780289479346879866e-01,1.187203999598654414e-01,3.128792304878715291e-01
1.963627839838123501e-01,1.416725006990828817e-01,2.486580840189095698e-01,7.290903671392873209e-02,3.403975945842664386e-01
1.943406966999778329e-01,1.514217087374351012e-01,2.203937934570541768e-01,1.308643883741092417e-01,3.029794127314237029e-01
2.106384278880770455e-01,1.223483161437727840e-01,2.568837607391767364e-01,1.040506534290559365e-01,3.060788417999173450e-01
1.661340104792555783e-01,1.541216550039362920e-01,2.598076598951932215e-01,1.080326480708151682e-01,3.119040265507998511e-01
1.746333481222967776e-01,1.234995315842571245e-01,3.118004006333373046e-01,1.493878563887877098e-01,2.406788632713210696e-01
2.018791338088945231e-01,1.477541266623912386e-01,2.452228916609918430e-01,1.165750194024275932e-01,2.885688284652948576e-01
2.026881529952422600e-01,1.127269669841626104e-01,2.720666960512381216e-01,1.115135239525757022e-01,3.010046600167813335e-01
2.133186604006674092e-01,1.539196392671202118e-01,2.767109547399702607e-01,8.698745033352350831e-02,2.690632952587185822e-01
1.853196132944762986e-01,1.489757566564500757e-01,2.916268277480746907e-01,7.746910270851273261e-02,2.966086995924863690e-01
2.315832818859397124e-01,1.097077779197459524e-01,3.008385577885021034e-01,9.094515117250263903e-02,2.669252312333096899e-01
2.173459233366875631e-01,1.815237513470050745e-01,2.154596461000942431e-01,8.501344701303951978e-02,3.006572322031734745e-01
1.861415788811088545e-01,2.052836598131591583e-01,2.593605479069887587e-01,6.534647052389733202e-02,2.838677428748458964e-01
2.489997655249217290e-01,1.795203077505992117e-01,2.610058563470148973e-01,5.974677977461749501e-02,2.507272906028467641e-01
2.024686797256501913e-01,1.738107897580907224e-01,2.673725081336000287e-01,4.817156753392415336e-02,3.081764548487349598e-01
1.874329146271952740e-01,1.832486318354317745e-01,2.515829720950404358e-01,7.284519830152709485e-02,3.048902831408054070e-01
2.125039028944517572e-01,2.112998568132246624e-01,2.643773674447664757e-01,4.680360407043182569e-02,2.650152687771252791e-01
2.425224991422296750e-01,2.038300154963934019e-01,2.809296892697682457e-01,5.633543411665721534e-02,2.163823619749514204e-01
2.149351782455060922e-01,2.094502232245666895e-01,2.276826818807199948e-01,6.943159015366456854e-02,2.785003264955426272e-01
2.281285070237738799e-01,1.620843905367423399e-01,2.605397115289724841e-01,4.689057323633089719e-02,3.023568176741804336e-01
2.165028938679927351e-01,1.871305974721114429e-01,2.144176550052082908e-01,7.108891309317984242e-02,3.108599405615077305e-01
2.129503924269913473e-01,1.877650613523077217e-01,2.276083933792962533e-01,8.469848098805467240e-02,2.869776718533499915e-01
2.164709471736469826e-01,2.149795333588125912e-01,2.193623922493068423e-01,7.887589091300216404e-02,2.703112363052313505e-01
2.055558068929344284e-01,2.238317496680281848e-01,2.427219491902852799e-01,7.764418210535566078e-02,2.502463121433963211e-01
1.892972832880610579e-01,2.114871005805260828e-01,2.398732967045635323e-01,6.565061811104690170e-02,2.936917013158024670e-01
1.945926811830370751e-01,2.055088877478937204e-01,2.010969071781735229e-01,5.927970914933171354e-02,3.395218147415640098e-01
2.286662837928787329e-01,2.026778611623777371e-01,2.085487440647089963e-01,7.704461264349564409e-02,2.830624983365387926e-01
1.817297802324623901e-01,1.412109593896152260e-01,1.876156739687607766e-01,1.172925229204886538e-01,3.721510634886729951e-01
2.003425665463258176e-01,1.959638555312984698e-01,1.888376997914108790e-01,9.126687380911253922e-02,3.235890043218522805e-01
1.631393481859959027e-01,2.364605804507561304e-01,1.903955425990493389e-01,9.748319127057160360e-02,3.125213374936270938e-01
1.560872656198890873e-01,2.514827762674946565e-01,1.870631420561543190e-01,9.712575440328548304e-02,3.082410616531765513e-01
1.652191560103638268e-01,2.014898166919395217e-01,2.270429509695728043e-01,1.052753843762570668e-01,3.009726919518668220e-01
1.362079674154523801e-01,2.485140897614272204e-01,2.403353520899997320e-01,1.152165827706562590e-01,2.597260079624644780e-01
2.046883687425239129e-01,2.237283925763876857e-01,2.190789295637079748e-01,1.002919568255627170e-01,2.522123522918178762e-01
2.007023493360658162e-01,1.969408245815745251e-01,2.518359450264818222e-01,9.920596048976723647e-02,2.513149205661105445e-01
1.974062370100146124e-01,1.851260792771324271e-01,2.151928271444771834e-01,1.019967913609047677e-01,3.002780652074709677e-01
2.230612426229891532e-01,1.834378291608853850e-01,2.171975919574064551e-01,1.251202239030239083e-01,2.511831123556950707e-01
2.295898838552907772e-01,1.596510644489989861e-01,2.050915094214711132e-01,1.046110773882957951e-01,3.010564648859433423e-01
2.070206085460010170e-01,1.245185483093109585e-01,2.235741438126873093e-01,1.750510172315608570e-01,2.698356821004399553e-01
2.283523763326705258e-01,1.587743705949468398e-01,2.314410332121345781e-01,1.145925615797301622e-01,2.668396582805179218e-01
2.565224738443396268e-01,1.741027288272007367e-01,2.049272249511810140e-01,1.174222256795076497e-01,2.470253466977709866e-01
2.039240994467295398e-01,1.653433011614287573e-01,2.483489307345970454e-01,1.173067023442395940e-01,2.650769663130051468e-01
1.912791568390968533e-01,1.729338852616370270e-01,2.439954898506731251e-01,9.839417657973464904e-02,2.933972914688583455e-01
1.844501072602750535e-01,2.029959429662084036e-01,2.861196121134061965e-01,9.905745211506636339e-02,2.273768855450438442e-01
1.597249661109949870e-01,1.713470530967691474e-01,2.747553792833684616e-01,8.269119733741915612e-02,3.114814041714481507e-01
1.747484132142013979e-01,1.451296031575380618e-01,2.882938538776764759e-01,8.735095268220199882e-02,3.044771770683820655e-01
1.955489756330749673e-01,1.598122924501460818e-01,2.705800186788910322e-01,8.617228278206597036e-02,2.878864304558219622e-01
2.004079759093337909e-01,1.450158666618266701e-01,2.520631862528043832e-01,1.102740407962332914e-01,2.922389303798018090e-01
1.874030861400847736e-01,1.582463552039874710e-01,2.507589425668624861e-01,1.314057435128505591e-01,2.721858725762146825e-01
1.801310613118299597e-01,1.597852244430879587e-01,2.456223508035236258e-01,1.211707011460806810e-01,2.932906622954777331e-01
1.592647736132359326e-01,1.353739064778847478e-01,2.332212567556654348e-01,1.080261513321057049e-01,3.641139118211082493e-01
1.646408632410076567e-01,1.447610112864381182e-01,2.038478154489982153e-01,7.818092646528142231e-02,4.085693835582746569e-01
1.648042417572863072e-01,1.192999257337929719e-01,2.509079989780236830e-01,9.482685590557091149e-02,3.701609776253261819e-01
1.496281992997586241e-01,1.131653408277990269e-01,2.642488004187652506e-01,1.052548641788857292e-01,3.677027952747913830e-01
1.579618824735619653e-01,1.150680384578166432e-01,2.486163511734331144e-01,9.243309250486596296e-02,3.859206353903223419e-01
1.501065091558398956e-01,1.158366259846385360e-01,2.709836868527147336e-01,1.172909453041496297e-01,3.457822327026572329e-01
1.640723541889673454e-01,1.326519288223028115e-01,2.392956193925484532e-01,7.691228957122929477e-02,3.870678080249521091e-01
1.444488221857780919e-01,1.382499543130388253e-01,2.455965962010706882e-01,6.997802263804789313e-02,4.017266046620645015e-01
1.434035566952577556e-01,1.376921647997706721e-01,2.589439019994111968e-01,7.506983183377068103e-02,3.848905446717897361e-01
1.576924451098074553e-01,1.778758180900444630e-01,2.122901276909792689e-01,8.083393565927840529e-02,3.713076734498903519e-01
1.104350113041691755e-01,1.612465210731623966e-01,2.405358606947199662e-01,9.604066714113132508e-02,3.917419397868170949e-01
1.498484756678455654e-01,1.343707888455405453e-01,2.094357933517492221e-01,1.040538885310884482e-01,4.022910536037761497e-01
1.496899956852560665e-01,1.470702642263144733e-01,2.569996901111058496e-01,5.904435200566321429e-02,3.871956979716603686e-01
1.528654663119804191e-01,1.519985707410639042e-01,2.755104469452519522e-01,1.001113096291207094e-01,3.195142063725829873e-01
1.225718869739524097e-01,1.738663263706138329e-01,2.792044274598303177e-01,9.305575581668627805e-02,3.313016033789170645e-01
1.121915062080044712e-01,1.827441613087073813e-01,2.870327625770047741e-01,4.570879517035389417e-02,3.723227747359294515e-01
1.339455119771452429e-01,1.962476158997246978e-01,2.995037493647266236e-01,7.904785595474293769e-02,2.912552668036605952e-01
1.451011563154675499e-01,1.620341654510514540e-01,3.008694908310994842e-01,7.368752393147399993e-02,3.183076634709074426e-01
1.648240863226969888e-01,1.783117911464576488e-01,2.768058382273999030e-01,7.506525795378224397e-02,3.049930263496632432e-01
1.329254353104506459e-01,1.596638517775077204e-01,2.795562988542966143e-01,6.292449256537691049e-02,3.649299214923681367e-01
1.620479727354054433e-01,1.355947302873351523e-01,2.726159703235139231e-01,6.301442678478016979e-02,3.667268998689652837e-01
1.657394733993055314e-01,1.263272680899615030e-01,2.393577927833307750e-01,1.068134324175050859e-01,3.617620333098970908e-01
1.755007905814895963e-01,1.605193171991213252e-01,2.773045426731741703e-01,7.611220267812945917e-02,3.105631468680853935e-01
1.563318037539834782e-01,1.219693468104516981e-01,3.007242046844470496e-01,9.718323450363956784e-02,3.237914102474780953e-01
1.535978375385427808e-01,1.304229833275613593e-01,2.413812458771686098e-01,1.099437958022531914e-01,3.646541374544740588e-01
1.720483263481923375e-01,1.546323466912687128e-01,2.550327867014753891e-01,7.222753188837613414e-02,3.460590083706873710e-01
1.972556338706024648e-01,1.571136835746992921e-01,2.272099380123056567e-01,8.183900852655535962e-02,3.365817360158372962e-01
1.736283118967839878e-01,1.817254813602998675e-01,2.566655106824201060e-01,1.006118254101769777e-01,2.873688706503190748e-01
1.653000313224528006e-01,1.468696965084801687e-01,2.393726548571882551e-01,1.294307875668009589e-01,3.190268297450779000e-01
1.502988359228741022e-01,1.458293498892980211e-01,2.778390170459553166e-01,1.194756074109276367e-01,3.065571897309449234e-01
1.424132840839315017e-01,1.741223930924818974e-01,2.506739674019577424e-01,1.158053194633220095e-01,3.169850359583067934e-01
2.313722092481301229e-01,1.589806503549522909e-01,2.289377892083957200e-01,8.946112664332134257e-02,2.912482245452005514e-01
2.081879040585858653e-01,1.549346140611455314e-01,2.305809498262764712e-01,6.940652660171021948e-02,3.368900054522819265e-01
1.943237167709384039e-01,1.379647795769951002e-01,2.315847182583398445e-01,9.856984387186726315e-02,3.375569415218593883e-01
1.857932295757076246e-01,1.555420842443654694e-01,2.429562287458771896e-01,8.743471904632120484e-02,3.282737383877284976e-01
1.356854838540415553e-01,1.810920203349078994e-01,2.572204729216603925e-01,7.857198455347709498e-02,3.474300383359130162e-01
1.632178409910861605e-01,1.700291730802730716e-01,2.596428247903799225e-01,7.662290031241927868e-02,3.304872608258415667e-01
1.806261366533134793e-01,1.531911212750865503e-01,2.741363278162500250e-01,7.612080612595470419e-02,3.159256081293952412e-01
1.540777549992790318e-01,1.783638311455590097e-01,2.802968323552009755e-01,5.268046295431119685e-02,3.345811185456498693e-01
1.613367703480120818e-01,1.464336268018922582e-01,2.799148717890572180e-01,7.388147876278904069e-02,3.384332522982493874e-01
1.748577119785526268e-01,1.613337233410864213e-01,2.499936746010994193e-01,7.411811365977261090e-02,3.396967764194888661e-01
2.375267512594985975e-01,1.419346610922836149e-01,2.258115675775346498e-01,6.628945772607262865e-02,3.284375623446105230e-01
2.358167370512730676e-01,1.509028507517425621e-01,1.979872342093035309e-01,4.888877013132526123e-02,3.664044078563555296e-01
2.304514459663963566e-01,1.520382228440783356e-01,2.648977226340044622e-01,5.654330320337178084e-02,2.960693053521490370e-01
2.053349470572647661e-01,1.530799300311512234e-01,2.723569785578671132e-01,7.028062553252284461e-02,2.989475188211940804e-01
1.813229111505103297e-01,2.112220832187761410e-01,2.347375156898690030e-01,9.728261262637336038e-02,2.754348773144711937e-01
2.411519340034698200e-01,1.817072988086949337e-01,2.120571941727781295e-01,8.073331230863807495e-02,2.843502607064190002e-01
2.149154606333358863e-01,1.735710815114125116e-01,2.359378948396116393e-01,9.692788823243284058e-02,2.786476747832071221e-01
1.699878434980374720e-01,1.887656297340656042e-01,2.633773906314721414e-01,1.004053756883060006e-01,2.774637604481187680e-01
1.932390752668925737e-01,1.845327744740278830e-01,2.365575826335505893e-01,7.329019215554848088e-02,3.123803754699805424e-01
1.801305521307696167e-01,1.926423700996519883e-01,2.279135943211483550e-01,9.800891868536212859e-02,3.013045647630678836e-01
1.611776016946206425e-01,1.746977869017539708e-01,2.457561468684474615e-01,7.981415997317484190e-02,3.385543045620031388e-01
1.666790150847972385e-01,1.825598411081970074e-01,2.350711024704385810e-01,8.921035919500842903e-02,3.264796821415588135e-01
1.811412735578739608e-01,1.393867240601859292e-01,2.688370433112394209e-01,9.802550601443502098e-02,3.126094530562656959e-01
1.786755430742724138e-01,1.603646748188861382e-01,2.512112589291646270e-01,8.342639303587942590e-02,3.263221301417972842e-01
1.885700263606477634e-01,1.499206046295974981e-01,2.527532987724842028e-01,1.150588099986848550e-01,2.936972602385857223e-01
1.286687684557289157e-01,1.896128470739722460e-01,2.714175807796904150e-01,1.067043716648588964e-01,3.035964320257495963e-01
1.578228313267101002e-01,1.726937581616265482e-01,2.705787089419886549e-01,1.190797333791412393e-01,2.798249681905333741e-01
1.756302774767994346e-01,1.641512889660509678e-01,2.537967922094854778e-01,1.380555758804475341e-01,2.683660654672165857e-01
1.643101641701522342e-01,1.707619241780195529e-01,3.076167399700990290e-01,1.060471609657957365e-01,2.512640107159335723e-01
1.781620280695710989e-01,1.441397142545590426e-01,2.964688171228440083e-01,9.419069759321695157e-02,2.870387429598089679e-01
1.882219114893293743e-01,1.484987836570837716e-01,2.968896524441096973e-01,1.069355245340996990e-01,2.594541278753774716e-01
1.927254726298163467e-01,1.574794737580930970e-01,3.210886070367959255e-01,8.335535771919226622e-02,2.453510888561022951e-01
1.790538987946595773e-01,1.403379811306771086e-01,2.953504545751451382e-01,9.925405748635063308e-02,2.860036080131674874e-01
1.805818405672841298e-01,1.349874780561372001e-01,2.872211632254017544e-01,8.696211162597848598e-02,3.102474065251984436e-01
1.368220114244898533e-01,1.687704974223975529e-01,3.146062753180011162e-01,6.904850385320662753e-02,3.107527119819049055e-01
1.649857342270590888e-01,1.537746314414016047e-01,3.084056417046452947e-01,7.133416117639716780e-02,3.014998314504967469e-01
1.786795685239422615e-01,1.332787796585980233e-01,2.779311531810031433e-01,6.437973124777009171e-02,3.457307673886864663e-01
1.711648976542992640e-01,1.477295688456660150e-01,3.158633536475823345e-01,8.334214217884236553e-02,2.819000376736099933e-01
1.623302153447618301e-01,1.970146256533490681e-01,2.561473705416036362e-01,7.825394605519864211e-02,3.062538424050869068e-01
1.835296790307545944e-01,1.965795405119542538e-01,2.887307947116338758e-01,7.664208299703459404e-02,2.545179027486227374e-01
1.444274117484418418e-01,1.900697222211000514e-01,2.798217831917969578e-01,8.223336424495943098e-02,3.034477185937016763e-01
1.202327426183815440e-01,1.791303879258482890e-01,3.304490703649421990e-01,6.437681720952205533e-02,3.058109818813058989e-01
1.265739999966970508e-01,1.768969894472626203e-01,2.401913592595823765e-01,9.960924943222566885e-02,3.567284018642323251e-01
9.808149095635058934e-02,2.052548321976968848e-01,2.738882500280097609e-01,7.105302313745680276e-02,3.517224036804858511e-01
1.315805398076914934e-01,1.929078203654512880e-01,2.325385546817686222e-01,8.678069422396265942e-02,3.561923909211259787e-01
1.277151139290256254e-01,2.053355496949089976e-01,2.505025008111043672e-01,7.983206316895587185e-02,3.366147723960052351e-01
1.570244117544183360e-01,1.640816060042029900e-01,2.961467597954193232e-01,8.448180906873313523e-02,2.982654133772261185e-01
1.448387085544369512e-01,1.502551697170335931e-01,3.101376833521471976e-01,6.908582330637769164e-02,3.256826150700045663e-01
1.745422872335029851e-01,1.601243265324606424e-01,2.984277923634111040e-01,9.050326719154001831e-02,2.764023266790853195e-01
1.326806819063625908e-01,1.613747360868492131e-01,2.745523774078276746e-01,1.211783014458735208e-01,3.102139031530870006e-01
1.398638418548132645e-01,1.685369370052378912e-01,2.873786316241484506e-01,1.095938753856313813e-01,2.946267141301689985e-01
1.574160228685490270e-01,1.495216281279267423e-01,2.607727182863214255e-01,9.062555091300122934e-02,3.416640798042016036e-01
1.308690575327612904e-01,1.697873678273872089e-01,2.571074330388303242e-01,1.100062386631436157e-01,3.322299029378775193e-01
1.118695791931626216e-01,1.459552457557289629e-01,2.785888232330410719e-01,1.149468960134028828e-01,3.486394558046644332e-01
1.397522137874487036e-01,1.864754739438651276e-01,2.098612135241190169e-01,8.720489624755092817e-02,3.767062024970162515e-01
1.506125358024474337e-01,1.679942959787105172e-01,2.268585165343288967e-01,1.081686747909683805e-01,3.463659768935448136e-01
1.167819553777928870e-01,1.718360316518216246e-01,2.627979833257839681e-01,1.006533899926225772e-01,3.479306396519789568e-01
1.043881806085725644e-01,1.720447309424921467e-01,2.823192050731057057e-01,1.071285496456928360e-01,3.341193337301368027e-01
1.250378420481436936e-01,1.692603073585493278e-01,2.649610693816819018e-01,1.183042670020369447e-01,3.224365142095881320e-01
1.086148954111612608e-01,1.629318015180737933e-01,2.751053177657676874e-01,7.944356429706246614e-02,3.739044210079348063e-01
9.829164778948226711e-02,1.478200808237648545e-01,3.011133983482766618e-01,1.033869842993588167e-01,3.493878887391173027e-01
1.128592693530627716e-01,1.586221076616050329e-01,3.060951812967913632e-01,7.527846945537244872e-02,3.471449722331684251e-01
1.112716341380676488e-01,1.541087159381295812e-01,2.870971300132593163e-01,9.211154956349176803e-02,3.554109703470517134e-01
1.504321248527362431e-01,1.918423512373037543e-01,2.451830797766105796e-01,6.750994039507807187e-02,3.450325037382713789e-01
1.486497872911247964e-01,1.568212989143909220e-01,2.094853329807092601e-01,7.124483681811423497e-02,4.137987439956608005e-01
1.219234194565043394e-01,1.509004547387325645e-01,2.222604160991783762e-01,1.021171497596747579e-01,4.027985599459099619e-01
1.352650570361356441e-01,1.466188209449637292e-01,2.385822379543243721e-01,9.210345498734393010e-02,3.874304290772322967e-01
9.971880128427229595e-02,1.405847857622517516e-01,2.632898864019139196e-01,8.846774890312859851e-02,4.079387776484334482e-01
9.909571024960889263e-02,1.512542315959973793e-01,2.633136955187085904e-01,8.648787690928495808e-02,3.998484857264001380e-01
1.036299729138431686e-01,1.528557078684936454e-01,2.559161214862829548e-01,9.833103350307634272e-02,3.892671642283038747e-01
1.041126388234058647e-01,1.776113508844237576e-01,2.632743799605714585e-01,9.857528994194357519e-02,3.564263403896553717e-01
1.402930167877391721e-01,1.655194015164506982e-01,2.509422668311278581e-01,8.347457882073718027e-02,3.597707360439451052e-01
9.040859400031728277e-02,2.086476265805165264e-01,2.757531552912815265e-01,8.673186951507123876e-02,3.384587546128133839e-01
9.873113803589206317e-02,2.107294600044830046e-01,2.496185679665625379e-01,8.228173459344201301e-02,3.586390993996204091e-01
9.080664801315306567e-02,1.999307349136766054e-01,2.041637923486959993e-01,6.366487027010238331e-02,4.414339544543719462e-01
8.373834695702060682e-02,1.993199414201205777e-01,2.453668237429503796e-01,8.518114880497937302e-02,3.863937390749290768e-01
1.286779527448322358e-01,1.849369955471790172e-01,2.266092660060675112e-01,8.961627182301067085e-02,3.701595138789106065e-01
9.240713280785972650e-02,1.903991622593267097e-01,2.567691705363835952e-01,1.033200722392738358e-01,3.571044621571560773e-01
1.110136153203432480e-01,1.651767806570246244e-01,2.518255132984714706e-01,1.035021380297065641e-01,3.684819526944541068e-01
1.257246611628218269e-01,1.645133128845592263e-01,2.233867726223378591e-01,6.604190844527217663e-02,4.203333448850088971e-01
1.153234359427641603e-01,1.860050178661220299e-01,1.868295028862277107e-01,1.019034424206709810e-01,4.099386008842151874e-01
1.214070093826082747e-01,2.196109021236800352e-01,1.853367610143464295e-01,1.141462136232460484e-01,3.594991138561192123e-01
1.250684480091094064e-01,2.182709167126378469e-01,1.819871406718283902e-01,1.096369858211384968e-01,3.650365087852858181e-01
1.483366166830668853e-01,2.070916996161265566e-01,1.745411222716989896e-01,8.683132882778431261e-02,3.831992326013231587e-01
