1.936812751469651206e-01,1.834772686602418046e-01,2.058578174072174805e-01,2.016431887097624165e-01,2.153404500758132056e-01
1.508788729411338347e-01,2.145002670722091498e-01,1.773393314880972738e-01,1.881305725273349216e-01,2.691509559712247923e-01
2.283066273155011372e-01,1.836119959696486115e-01,1.651112121646175490e-01,1.749410000458026804e-01,2.480291645044301330e-01
2.290119936049523075e-01,2.249742535193921256e-01,1.535256575152179614e-01,1.867318516026089115e-01,2.057562437578286940e-01
2.455157448059263614e-01,2.178867936746821388e-01,1.811224119776132513e-01,1.729210094264894415e-01,1.825540401152887793e-01
2.285065801238079508e-01,2.118322346486788410e-01,2.008585385131204104e-01,1.887295841969869603e-01,1.700730625174058652e-01
2.105903542866346956e-01,2.325273119231301977e-01,1.672478420386621090e-01,1.729021486909563254e-01,2.167323430606167278e-01
1.974766366507197390e-01,2.071265281545891790e-01,1.720627282223352039e-01,1.717257991515865889e-01,2.516083078207693724e-01
2.616487066788390492e-01,2.168738581588706138e-01,1.641940764522208940e-01,1.864755551360619268e-01,1.708078035740075440e-01
1.941687715143884663e-01,2.244069765817495732e-01,2.050328361926542775e-01,1.587112399570797250e-01,2.176801757541279581e-01
2.245663699795662216e-01,2.258222474829864601e-01,2.254979930296876489e-01,1.447510160936044121e-01,1.793623734141553405e-01
2.123281683236843409e-01,2.424134727555514734e-01,1.628235925266268702e-01,1.240094624436953036e-01,2.584253039504419980e-01
1.917745882831614623e-01,2.031734313749233301e-01,2.282493876081713169e-01,1.593685747151426524e-01,2.174340180186012939e-01
1.817250488096835981e-01,2.314598146165796622e-01,2.520153457226972371e-01,1.203258196146297920e-01,2.144739712364097106e-01
2.554588228635492064e-01,2.051774510223706716e-01,1.882152639794596183e-01,1.204539076153135074e-01,2.306945545193069269e-01
1.988365798936360396e-01,2.041920975171546970e-01,2.554492378301781441e-01,1.266063372604540882e-01,2.149157474985769478e-01
1.886009449948714833e-01,1.963786257285309034e-01,2.459995186996724037e-01,1.572799125142717580e-01,2.117409980626534793e-01
2.153108869211786958e-01,2.038522379633551096e-01,2.636145405894269600e-01,1.634804690511788006e-01,1.537418654748604341e-01
2.398253038206745458e-01,1.999515111725527761e-01,2.441710026005698697e-01,1.164256664826191223e-01,1.996265159235836306e-01
2.939795272331952591e-01,1.855913336324884755e-01,1.878593409745506759e-01,1.302539224395934947e-01,2.023158757201719005e-01
2.231880669017199670e-01,1.991989966860140682e-01,2.208241134589608301e-01,1.397229391758352257e-01,2.170658837774698535e-01
1.912898395252391193e-01,1.809213965625100784e-01,2.369612801707675076e-01,1.659699421295908750e-01,2.248575416118923365e-01
2.342581238813904176e-01,1.946168725398665922e-01,2.063240244814344426e-01,1.509009958926468276e-01,2.138999832046616922e-01
2.310749830823149997e-01,1.897276132485315736e-01,2.162692361445554268e-01,1.410744657709804561e-01,2.218537017536176270e-01
2.373651884554238700e-01,2.004032562974985832e-01,2.002355289090632928e-01,1.516479779409841966e-01,2.103480483970300852e-01
2.280227073587964004e-01,1.859151221152688938e-01,2.385115187645801271e-01,1.399290107192792676e-01,2.076216410420752834e-01
2.388176946411086632e-01,1.689680852541360634e-01,2.204792119074543977e-01,1.667346164394618302e-01,2.050003917578391288e-01
2.428473956054426619e-01,1.636336601621109221e-01,2.352964790725924904e-01,1.522410687253995809e-01,2.059813964344543724e-01
2.196679435260807944e-01,1.967582296078512760e-01,3.048458700875785743e-01,1.127263940793016977e-01,1.660015626991875048e-01
1.927317655959477072e-01,1.863823089605801953e-01,2.727717493098514856e-01,1.374177227446478633e-01,2.106964533889728042e-01
2.048404528776628930e-01,1.639780176605818707e-01,3.120097254144622578e-01,1.288342204903547839e-01,1.903375835569382779e-01
2.114339612687700931e-01,1.156625727490794148e-01,3.630745023818755524e-01,1.071953176261186830e-01,2.026336459741563401e-01
2.076112378427458494e-01,1.697594514967293577e-01,2.956252367095561495e-01,1.295392506738401450e-01,1.974648232771285261e-01
2.012424648802164651e-01,1.871603669007724235e-01,2.220294908845849846e-01,1.530983886605526700e-01,2.364692886738734012e-01
2.423031892926738318e-01,1.836574908206686785e-01,2.228526141903533764e-01,1.287784874768217458e-01,2.224082182194823953e-01
2.332247535363763391e-01,1.890839276528971102e-01,2.273660040738456067e-01,1.031762726058334800e-01,2.471490421310475194e-01
1.867322653218553563e-01,2.141736537594381429e-01,1.913212482572133055e-01,1.401665919153493589e-01,2.676062407461438641e-01
2.540091526247590381e-01,2.354534944503297866e-01,1.512049222664650638e-01,1.335936208652844515e-01,2.257388097931616877e-01
2.366864679804432936e-01,2.220516176751521076e-01,2.052110930754739715e-01,1.179958181960797520e-01,2.180550030728508615e-01
2.143727997601374002e-01,1.907730759531326981e-01,2.526190499800828326e-01,1.399449727540016120e-01,2.022901015526454016e-01
1.866743021437767269e-01,2.150523597121930253e-01,2.498490274058922378e-01,1.585559705623575399e-01,1.898683401757804146e-01
2.268638581213400784e-01,2.003767639200101924e-01,2.077651594845601746e-01,1.378592834054627181e-01,2.271349350686268642e-01
2.132143951849320151e-01,1.915815801024537968e-01,2.176056830456799263e-01,1.802252849213359931e-01,1.973730567455983242e-01
2.116683239908659364e-01,1.684808083336864770e-01,2.103745983608668602e-01,1.764344781575374610e-01,2.330417911570432377e-01
2.048323758983684184e-01,1.714609248422895860e-01,2.120060781555643814e-01,1.789527922727897347e-01,2.327478288309878796e-01
2.080503776033019447e-01,1.719352591002077102e-01,1.735443604624880842e-01,2.075665177836761022e-01,2.389034850503261587e-01
1.625183492130644891e-01,1.867326088845243093e-01,2.222777014211846924e-01,2.128874646836518281e-01,2.155838757975747089e-01
1.948839876620936107e-01,2.330823706008643692e-01,1.867794771617895810e-01,1.542638104679644739e-01,2.309903541072878541e-01
1.798313859871500386e-01,2.253229226621828174e-01,2.110512913112602695e-01,1.628373537141882543e-01,2.209570463252187034e-01
1.941965792693203519e-01,2.002707377057605098e-01,2.264801414073771002e-01,1.372250567553629230e-01,2.418274848621791151e-01
1.567589104987641424e-01,1.978330302543603869e-01,2.513743274084998536e-01,1.224466374361681265e-01,2.715870944022075184e-01
1.533516144413361593e-01,2.215732094294961263e-01,2.093094566640950338e-01,1.384356671360173485e-01,2.773300523290552766e-01
1.765723339044245055e-01,1.600188888021830680e-01,2.491927431737007703e-01,1.304540971665941185e-01,2.837619369530974822e-01
1.591198760211355312e-01,1.923758229187450541e-01,2.693115530085224973e-01,1.181909502367718828e-01,2.610017978148249651e-01
1.682960737870054513e-01,1.958405107637070375e-01,2.194236433837048472e-01,1.508420478005453036e-01,2.655977242650373049e-01
1.696759538351334251e-01,2.774287114838305812e-01,1.725115888893820615e-01,1.274178337395068250e-01,2.529659120521471349e-01
2.033568510222515946e-01,2.194836208205544759e-01,2.027716270232104989e-01,1.459669233298233615e-01,2.284209778041599859e-01
1.537911936888143594e-01,2.317847690158753027e-01,2.325628204412141520e-01,1.629176567322360436e-01,2.189435601218601701e-01
1.494563721898702069e-01,1.867084042137647226e-01,2.357382361712104524e-01,1.903424478946972309e-01,2.377545395304572484e-01
1.927806157257391240e-01,2.004829931990119440e-01,2.102535128604196002e-01,1.713910882913731726e-01,2.250917899234561315e-01
1.422264886091993974e-01,2.136551987883882620e-01,1.874478650180836092e-01,1.747141664792612181e-01,2.819562811050674300e-01
1.377567467332860285e-01,1.946810216453497278e-01,2.397040470903819831e-01,2.037487217259612571e-01,2.241094628050210313e-01
1.543084042850410564e-01,2.288266194449827817e-01,2.413026233474372673e-01,1.466977077164081378e-01,2.288646452061308123e-01
1.195169276061850139e-01,2.012603191547924497e-01,2.360254126631730620e-01,1.551634189354261506e-01,2.880339216404233516e-01
1.549365999152151896e-01,1.667727114795606314e-01,2.256593883917028531e-01,1.322418214366498923e-01,3.203894787768714059e-01
1.140105638597117138e-01,2.033974261461431454e-01,2.681593925181537941e-01,1.307578462132409358e-01,2.836747712627504803e-01
1.190629644658327269e-01,2.250723796471222615e-01,2.600460884222648428e-01,1.280607687718183230e-01,2.677577986929618459e-01
1.085161328418503823e-01,1.278750790188363518e-01,2.875575716062644949e-01,1.211888590403541327e-01,3.548623574926946245e-01
1.143320567892509854e-01,1.247338292232588047e-01,2.903137431763715415e-01,1.090689472024398698e-01,3.615514236086787014e-01
1.395650678486480001e-01,1.524965020508292635e-01,2.621449265250577754e-01,1.143769810693372607e-01,3.314165225061276310e-01
1.702704620774882216e-01,1.196188882261841474e-01,2.442498544793524629e-01,1.291782566869729976e-01,3.366825385300021845e-01
1.412502016076451206e-01,1.128711584417996516e-01,3.089075939376692559e-01,1.427587056927534237e-01,2.942123403201324927e-01
1.437553092692893109e-01,1.045430312456531868e-01,3.307043068239025052e-01,1.276743045170683211e-01,2.933230481440867177e-01
1.357012245249528681e-01,1.464486655630504730e-01,2.842653418084996608e-01,1.347198830147733062e-01,2.988648850887237196e-01
1.368262518217255586e-01,1.335167246454868895e-01,3.245752496409072263e-01,1.336437742430109099e-01,2.714379996488693880e-01
1.708153845269892168e-01,1.198061904862309235e-01,3.331092351926485673e-01,1.614426089479546467e-01,2.148265808461767012e-01
1.725775454476536908e-01,1.089042743570299981e-01,3.387218964377352592e-01,1.414080739476253623e-01,2.383882098099557312e-01
1.394241941541671248e-01,1.588879782042083022e-01,3.371407007861636496e-01,1.147071750653196609e-01,2.498399517901412070e-01
1.846602268867709451e-01,1.467399046814259478e-01,2.849014371349097852e-01,1.638124244770509941e-01,2.198860068198423001e-01
2.048883256081619475e-01,1.384023529001099095e-01,3.127191259976273008e-01,1.109244043242587491e-01,2.330657911698420515e-01
1.551077033085009049e-01,1.078623238561255554e-01,3.345758161840037270e-01,1.309317169863319641e-01,2.715224396650379179e-01
1.340219497302282958e-01,1.168183256879273962e-01,3.566594540150996862e-01,1.822060230865532038e-01,2.102942474801913764e-01
8.421576921539665472e-02,1.488302750494818749e-01,3.281992375023997099e-01,1.650657146502862438e-01,2.736890035824354750e-01
9.199679642141626867e-02,1.467062164601384000e-01,3.327854258728982217e-01,1.297459270917296070e-01,2.987656341538175719e-01
9.702737646316793307e-02,1.113917710425487428e-01,3.669047034786890871e-01,1.208558972385072178e-01,3.038202517770870470e-01
7.705719167650776358e-02,1.367207047312039292e-01,3.323328414408758813e-01,1.289090680976751335e-01,3.249801940537372924e-01
1.188163263842099693e-01,1.481736352427175385e-01,3.322263792717397579e-01,1.424607114748856485e-01,2.583229476264471414e-01
1.283748077019594980e-01,1.553926115352225468e-01,3.473346595315851548e-01,1.078851869168249572e-01,2.610127343144079681e-01
1.530851915988931666e-01,1.685773588990640004e-01,3.092514172619894586e-01,1.242088612970877887e-01,2.448771709429656551e-01
1.759304378817080627e-01,1.510635722285601779e-01,3.165977195275614942e-01,1.457970615250412938e-01,2.106112088371290270e-01
1.260897180940192541e-01,1.908886636351946886e-01,3.158017171985885163e-01,1.392429342989101593e-01,2.279769667732874650e-01
1.282593692535618779e-01,1.782367454907696491e-01,3.263785965025816083e-01,1.505050505000452010e-01,2.166202382530416082e-01
9.694286681418920470e-02,1.481643694405744283e-01,3.154128499781948536e-01,1.555359690938649952e-01,2.839439446731765182e-01
8.595822749750497982e-02,1.697695069728000494e-01,3.541075787533294883e-01,1.428959518663542316e-01,2.472687349100112508e-01
1.226810488465828602e-01,1.552006371324291256e-01,2.901451589046483703e-01,1.588653721568021870e-01,2.731077829595373041e-01
1.259280705093158426e-01,1.465012150378584288e-01,2.787876473726446092e-01,2.055427019913503572e-01,2.432403650888306790e-01
1.214225005433916121e-01,1.910036338678558765e-01,2.625163871357216738e-01,1.697093164813286703e-01,2.553481619717021256e-01
9.157775152895254733e-02,2.119880160640814082e-01,2.649659652118592224e-01,1.738879782590367629e-01,2.575802889360700454e-01
8.680972748938041439e-02,1.877579114645731295e-01,2.936790020536522161e-01,1.808558756427856573e-01,2.508974833496085965e-01
9.015273176545580969e-02,1.534657326358958018e-01,3.011743154124355559e-01,2.276041258600626782e-01,2.276030943261502515e-01
7.970450016946821481e-02,1.747934899047890733e-01,2.916436276526664928e-01,1.657486712945638041e-01,2.881097109785124566e-01
8.682622545650739432e-02,1.847557371938690352e-01,3.075821786377209710e-01,1.953958737471600260e-01,2.254399849647425458e-01
7.526457789168479462e-02,1.746719128267926746e-01,2.998962798247208350e-01,1.782287852882914747e-01,2.719384441685101517e-01
7.845164160960814426e-02,1.858589154923476761e-01,3.183976251088291853e-01,1.523394450685801316e-01,2.649523727206348211e-01
8.742108791154123981e-02,1.564519997123838269e-01,2.952544177570193829e-01,1.629230502949285675e-01,2.979494443241270107e-01
1.020352173780983418e-01,1.371768774883371789e-01,3.480215775993631966e-01,1.502394351681116957e-01,2.625268923660896703e-01
6.939072981605384771e-02,1.946059234029917651e-01,3.133906396007726802e-01,1.533510869434753232e-01,2.692616202367064115e-01
8.396280183529833407e-02,1.702198997961243410e-01,3.107321191927995274e-01,1.479848814145768021e-01,2.871002977612009954e-01
1.394919894565428697e-01,1.556155967605537815e-01,2.838541223380631195e-01,1.669600876628413721e-01,2.540782037819988570e-01
9.376631036753060866e-02,1.599182589657696663e-01,2.963313936120298142e-01,1.454337415198478367e-01,3.045502955348220464e-01
9.263991816710170912e-02,1.418011007962700631e-01,3.592705144881414014e-01,1.348477420156902196e-01,2.714407245327966067e-01
6.664326670563690269e-02,1.494651851038841239e-01,3.223322617748008434e-01,1.550448754153282149e-01,3.065144110003498734e-01
1.010106103356504664e-01,1.683923745711480013e-01,3.268675034549263780e-01,1.252256521046333226e-01,2.785038595336417622e-01
1.369784145479396031e-01,1.161042491603286181e-01,3.248286078700145518e-01,1.112731847359679088e-01,3.108155436857493181e-01
1.396032756244573181e-01,1.459972876691185140e-01,2.703717326015331324e-01,1.128247648676156123e-01,3.312029392372754510e-01
1.456812002765473235e-01,1.476469322066155943e-01,3.193799841039168808e-01,1.191438046578605636e-01,2.681480787550595268e-01
1.060197167763568676e-01,1.752446090057403760e-01,2.904629577587753975e-01,1.130226240577924118e-01,3.152500924013349470e-01
1.263748800753226875e-01,1.478986823704481479e-01,2.973028224026121880e-01,1.359310650521635411e-01,2.924925500994534633e-01
1.712089355833608939e-01,1.603735663359604213e-01,2.575489960730946160e-01,1.169135953083197260e-01,2.939549066992642734e-01
1.583744199410574705e-01,1.189947585052987533e-01,2.784284927800693699e-01,1.594161241774882942e-01,2.847862045960861677e-01
1.350202498651878469e-01,1.158192706786098924e-01,3.160753343697217943e-01,1.538470436532372310e-01,2.792381014332432354e-01
1.484362410362084217e-01,9.593783546099481085e-02,3.091433570258403374e-01,1.854342269101875718e-01,2.610483395667687057e-01
1.979500513577367449e-01,9.755916880175283246e-02,3.316447099731442139e-01,1.224144574214495323e-01,2.504316124459166626e-01
1.999388786853489586e-01,1.115075309916152974e-01,3.389619345583402832e-01,1.276359555109884136e-01,2.219557002537071166e-01
1.527577953713674386e-01,1.351586413675501530e-01,3.076442370756487521e-01,1.275789757232618504e-01,2.768603504621717781e-01
1.281070331986357003e-01,1.497383906023920241e-01,3.367297749870357126e-01,1.564818905464005760e-01,2.289429106655359591e-01
1.579609934032805141e-01,1.130638011674700988e-01,3.332842977028614428e-01,1.288988553328107023e-01,2.667920523935772836e-01
1.512394476685799127e-01,1.419455698603282745e-01,2.879544398502679736e-01,1.423523877293837447e-01,2.765081548914399834e-01
1.342163391601438882e-01,1.607433940144182005e-01,2.467875310362627472e-01,1.344155155583890149e-01,3.238372202307862047e-01
1.592551567885659436e-01,1.480268369510062965e-01,2.843984310978565078e-01,1.467555495049559788e-01,2.615640256576152733e-01
1.290809020029733134e-01,1.655027712027471454e-01,2.838834316882070663e-01,1.098977647024463045e-01,3.116351304036261705e-01
1.315485976989202166e-01,1.171489782483479125e-01,3.016111254482859438e-01,1.248245881009628772e-01,3.248667105034830360e-01
1.280859577775028124e-01,1.122703960659492545e-01,3.065754995970695895e-01,1.529806555581973149e-01,3.000874910012809593e-01
1.287301626947300603e-01,1.037135185281058414e-01,3.284607773901550565e-01,1.403672694930699349e-01,2.987282718939391901e-01
1.226582453344462059e-01,1.454951698848831465e-01,3.379515904078475574e-01,1.311054295215210164e-01,2.627895648513020599e-01
1.302293719276085004e-01,1.231480589965169847e-01,2.822899125361828521e-01,1.425310177547094714e-01,3.218016387849821358e-01
1.296184942840139798e-01,1.490062906283492750e-01,2.508943567375012118e-01,1.687367814553520362e-01,3.017440768947834973e-01
1.457759937173626064e-01,1.374969781819129211e-01,2.505191771196832451e-01,1.558688162454967829e-01,3.103390347355444168e-01
1.482892915525004518e-01,1.325566153356385890e-01,3.310776953670070966e-01,1.298134962177037444e-01,2.582629015271501460e-01
1.236222461732327388e-01,1.455981614497719734e-01,3.251347868521319850e-01,1.435312575859201412e-01,2.621135479389430367e-01
1.665144431572407602e-01,1.131274295340655572e-01,2.874137043780465861e-01,1.860886969073455577e-01,2.468557260233014972e-01
1.698755430958462098e-01,1.385625343358401207e-01,2.837058321429100638e-01,1.398153366945218412e-01,2.680407537308817645e-01
1.702203070896158854e-01,1.214754654925356697e-01,3.189611906225208737e-01,1.363542835034307343e-01,2.529887532918967952e-01
1.616645748085820400e-01,1.524348194360996833e-01,2.997764351926974213e-01,1.265283332221413259e-01,2.595958373404795849e-01
1.454612371673680571e-01,1.545804878622675516e-01,2.796201612504257139e-01,1.109557056480530990e-01,3.093824080718855507e-01
1.760872595425866383e-01,1.576316286244729137e-01,3.626449537330180273e-01,7.811259862127020726e-02,2.255235594786522413e-01
1.776981686593832599e-01,1.033583390608379948e-01,3.820557893745707423e-01,9.280324221260249917e-02,2.440844606926054761e-01
2.066065839144388960e-01,1.161990769676618795e-01,3.419551563885394607e-01,1.333910069213534166e-01,2.018481758080064026e-01
1.843228833143339684e-01,1.110435095971652741e-01,3.442432616005351997e-01,1.215934037002287804e-01,2.387969417877368605e-01
1.768868207219347066e-01,1.268513318797273859e-01,4.002535448855791267e-01,9.179346298642934721e-02,2.042148395263293781e-01
1.766388508171057303e-01,1.574917500016084493e-01,3.703039309452376693e-01,8.103469782104925911e-02,2.145307704149988781e-01
1.554697216749733601e-01,1.687994047025609401e-01,3.380570054886784526e-01,1.154587581780266020e-01,2.222151099557606035e-01
1.337244151033216422e-01,1.648491369544907437e-01,3.836608611564483184e-01,9.553373580707610890e-02,2.222318509786632423e-01
1.645589551738303735e-01,1.893802377455990615e-01,3.475496150608609058e-01,7.708776831674725438e-02,2.214234237029623353e-01
1.931718435086532959e-01,1.613315581321083103e-01,2.915320629506901184e-01,8.288442181263748487e-02,2.710801135959108321e-01
1.927163694847373598e-01,1.087882504010971030e-01,3.139344735487137883e-01,1.217579058170480538e-01,2.628030007484036257e-01
2.057473134658979186e-01,1.236521149912831324e-01,3.083373998275719674e-01,1.423779735863580087e-01,2.198851981288889035e-01
2.277988311792725762e-01,1.255687449146057066e-01,3.011552541604256006e-01,1.121324678829666022e-01,2.333447018627294312e-01
2.171085212096012518e-01,1.212404228495889552e-01,2.970169694515739089e-01,1.390634778416114936e-01,2.255706086476243488e-01
2.307297191019716809e-01,1.542474604539715854e-01,2.975356446635292196e-01,1.167186511719787295e-01,2.007685246085486597e-01
1.657342068170960248e-01,1.409737210934964013e-01,3.535352927986067373e-01,1.381916631320607713e-01,2.015651161587400375e-01
1.493537398068239819e-01,1.867934491497417748e-01,3.452773025971886400e-01,1.181399428097046483e-01,2.004355656365408300e-01
1.590438256543434681e-01,1.925358730186394196e-01,3.365071269772327289e-01,1.118920776299725667e-01,2.000210967198118583e-01
1.513928188273499786e-01,1.853869782636742014e-01,3.464064803161742701e-01,1.246626004185915071e-01,1.921511221742100983e-01
1.816643996227659541e-01,1.627291141710606182e-01,2.626697256974626637e-01,1.269160754484104925e-01,2.660206850603003548e-01
1.804990737712545146e-01,1.925131642659780595e-01,3.159604542390145876e-01,9.516782635461515372e-02,2.158594813691376846e-01
1.802635352374429012e-01,1.637854401404110205e-01,2.643571265833545847e-01,1.231096855474242274e-01,2.684842124913672246e-01
2.008965022790513977e-01,1.494130004227819664e-01,2.674867635257142662e-01,1.303630678083975702e-01,2.518406659640547995e-01
1.607374608067022592e-01,1.795818872588192949e-01,2.918353014998172346e-01,1.102736185742781289e-01,2.575717318603831241e-01
1.715730398287847736e-01,1.697268716420319845e-01,3.013506478961687218e-01,1.115272545769092627e-01,2.458221860561053684e-01
1.373447859100481450e-01,1.584698584889397688e-01,3.246614288468075427e-01,1.540653363253160490e-01,2.254585904288884946e-01
1.486908882124241271e-01,1.667954066576951000e-01,3.032322338816639817e-01,1.201823040072493437e-01,2.610991672409673781e-01
1.493001554687070909e-01,1.426888463748868796e-01,3.480407613780855947e-01,1.276209320794233770e-01,2.323493046988970578e-01
1.747292410657672879e-01,1.546090968661206766e-01,3.120016928981018123e-01,1.635731601513905897e-01,1.950868090186196335e-01
1.475270541373396027e-01,1.525935935060499238e-01,3.046539400941869480e-01,1.874829986043070051e-01,2.077424136581165759e-01
1.575361799228654214e-01,2.008692129691558304e-01,2.969151484395946561e-01,1.329339282684284529e-01,2.117455303999556115e-01
1.683323442294406835e-01,1.823169377592986362e-01,2.673023079803627522e-01,1.440196950679833443e-01,2.380287149629145838e-01
1.791579491220680609e-01,2.090879611643066127e-01,2.274992159934589309e-01,1.592772366446272014e-01,2.249776370755392219e-01
2.217830347094273402e-01,1.831173643764693049e-01,2.988025099491499748e-01,9.185385084277267187e-02,2.044432401221807638e-01
1.705276337546637877e-01,1.986864783535174650e-01,2.792514044059455358e-01,1.445369162515593164e-01,2.069975672343139228e-01
1.906557478962787877e-01,1.611919959201544017e-01,2.835728418263047113e-01,1.180007615292930773e-01,2.465786528279689804e-01
1.527993734941278103e-01,1.366708260580579426e-01,2.948698960857064066e-01,1.432521663547095259e-01,2.724077380073982591e-01
1.714208109611330411e-01,1.558174845586472734e-01,2.712039849583681161e-01,1.674608005238592545e-01,2.340969189979922593e-01
1.228051378907097646e-01,1.820294987932815356e-01,3.125932737837412434e-01,1.370292501363825355e-01,2.455428393958850042e-01
1.325433541091416145e-01,2.030951726090704235e-01,3.039430962121110746e-01,1.356113166708845519e-01,2.248070603987923632e-01
1.413732422604242200e-01,2.167446802337656409e-01,2.693566386600324547e-01,1.311027699437065930e-01,2.414226689020710637e-01
1.526191330263648172e-01,2.036044585498846538e-01,2.657672244292226815e-01,1.654718050827957698e-01,2.125373789117319390e-01
1.628942603194941108e-01,2.167206897730120652e-01,2.744473750157248038e-01,1.425228401345102203e-01,2.034148347572588000e-01
1.621905862054165703e-01,2.303274727086390139e-01,2.660484667125564417e-01,1.105665109811827668e-01,2.308669633922052766e-01
1.133361803326317918e-01,2.073580540645985071e-01,3.035883657115544532e-01,1.278167751123356899e-01,2.479006247788794748e-01
1.239586913116013517e-01,2.117759343756493162e-01,2.892038699341730745e-01,1.349776398885055295e-01,2.400838644900706864e-01
1.433509162543141757e-01,2.033370024697585543e-01,2.529272157626596962e-01,1.127767392906568605e-01,2.876081262226107271e-01
1.517521750989706264e-01,1.878500819234776020e-01,3.113162429486124316e-01,1.236523597358774595e-01,2.254291402930617971e-01
1.497308244411258704e-01,1.671058133637494114e-01,2.775741047994441102e-01,1.425152410431509697e-01,2.630740163525295272e-01
1.639881292524960898e-01,1.550415685177030933e-01,2.972940250230651782e-01,1.703083434450914091e-01,2.133679337616441740e-01
1.309103311659395863e-01,1.950010104562731605e-01,2.696612114123519421e-01,1.608797399437366105e-01,2.435477070216987561e-01
1.466087576008760773e-01,2.135766680776382265e-01,2.601620751153690403e-01,1.302119971411845600e-01,2.494405020649320126e-01
1.538440907005255431e-01,2.113790454637825278e-01,2.704944444359047018e-01,1.255597112384476133e-01,2.387227081613395585e-01
1.774700367491293118e-01,1.853924567190841921e-01,2.584507415571843936e-01,1.655429293430722981e-01,2.131438356315296934e-01
1.430367584907105694e-01,1.776310504562625958e-01,3.050539557077608932e-01,1.283851122059256333e-01,2.458931231393402805e-01
1.559200386080294154e-01,2.291353513664131925e-01,2.522653763922791392e-01,1.492181181028538750e-01,2.134611155304243779e-01
1.449603613889759168e-01,2.378129653901642215e-01,2.600080194872191885e-01,1.435070216446049374e-01,2.137116320890356802e-01
1.578937850507296237e-01,2.690473275360744099e-01,2.324852290521279841e-01,1.517346237645082474e-01,1.888390345965597628e-01
1.544742326638274821e-01,1.949317860231819244e-01,2.919218536442914624e-01,1.459838746786462915e-01,2.126882529900528396e-01
1.380632671251155186e-01,2.091285352690233357e-01,2.954259389470326180e-01,1.393439119243581603e-01,2.180383467344702564e-01
1.338683524754851750e-01,1.925382147412380840e-01,2.646002946297750236e-01,1.582159493042830101e-01,2.507771888492186241e-01
7.859298646388751530e-02,2.264711042988826473e-01,3.054037805933490501e-01,1.520662767618017885e-01,2.374658518820789987e-01
1.224258621495063759e-01,1.983599097392319544e-01,2.826689315449376627e-01,1.581699641255356337e-01,2.383753324407884289e-01
9.752579602227591515e-02,1.868363035062435562e-01,3.687367944896141059e-01,1.350078726382206162e-01,2.118932333436458759e-01
9.530435954940688625e-02,2.165069146959800739e-01,2.981473219210477033e-01,1.192899706629177436e-01,2.707514331706475375e-01
1.212072609288724206e-01,2.539856560464023305e-01,2.920859071753035274e-01,1.277465567748089781e-01,2.049746190746126739e-01
1.015029190604474219e-01,2.399897834701671118e-01,2.782186469809089790e-01,1.231990851400288217e-01,2.570895653484476240e-01
1.292784099360533012e-01,1.664167691812947214e-01,3.367524915804981367e-01,9.947036903645356531e-02,2.680819602657003031e-01
1.162430023772821341e-01,1.767655360409844112e-01,3.364999834386088184e-01,1.006327379079935136e-01,2.698587402351310671e-01
1.098983981517126784e-01,1.886086376648185847e-01,3.058019527034677720e-01,1.140292330024377937e-01,2.816617784775631850e-01
9.180774811183757544e-02,1.983817807781863840e-01,3.066102852671431789e-01,1.056005481301402621e-01,2.975996377126925996e-01
1.041923944532240215e-01,2.040469729240505514e-01,2.772985479508571771e-01,1.537847887233652899e-01,2.606772959485030294e-01
1.137708848124492356e-01,2.044813146738767573e-01,2.535539412312126650e-01,1.600320227285757235e-01,2.681618365538856463e-01
1.282116510171606438e-01,1.874418470169985917e-01,2.999457509937190625e-01,1.303354085370114768e-01,2.540653424351101974e-01
1.213152207761044460e-01,1.595809712812678305e-01,3.033904828495376238e-01,1.458678955770190688e-01,2.698454295160711003e-01
1.378834522670591978e-01,1.776905410335510305e-01,2.820531755612676883e-01,1.401462785954079304e-01,2.622265525427140975e-01
1.606519553290716162e-01,1.669174732336627942e-01,2.442744275733166326e-01,1.447983761887106646e-01,2.833577676752382368e-01
1.492950554360958082e-01,2.053936164529445441e-01,2.345982703492847932e-01,1.442803802766403354e-01,2.664326774850344637e-01
1.223243708016487075e-01,2.083441006355244152e-01,2.680413584572574059e-01,1.245051663053259733e-01,2.767850038002435120e-01
1.398050178004949518e-01,2.069142873039827857e-01,3.004039266052423440e-01,1.354129783787789421e-01,2.174637899115009210e-01
1.930651702113306556e-01,1.433672491473232669e-01,3.025505624968378160e-01,1.347295589051132336e-01,2.262874592393950279e-01
1.535053090268604647e-01,1.695944975577195202e-01,2.722106175961055974e-01,1.457837492320150363e-01,2.589058265872993259e-01
1.361578080816481795e-01,1.692108957044942963e-01,2.662966308632174761e-01,1.488349305806178358e-01,2.794997347700221568e-01
1.435024429443409189e-01,1.730672495400966127e-01,2.575854948902079333e-01,1.596142011075666611e-01,2.662306115177877630e-01
1.131404517610427457e-01,2.070650222274621755e-01,2.852668712907805437e-01,1.449739574664161978e-01,2.495536972542983789e-01
1.001756311008731998e-01,1.742790247777713242e-01,2.801898363219615939e-01,1.785786893636775730e-01,2.667768184357163785e-01
1.076439498445853488e-01,2.232834342917172921e-01,2.823349572959919507e-01,1.462261527379896953e-01,2.405115058297157271e-01
9.099166778266043476e-02,2.300385342585115067e-01,2.706203628535034933e-01,1.416712326084038909e-01,2.666782024969207576e-01
7.746190858413661007e-02,2.853435146202302208e-01,2.376173370872627921e-01,1.537192148652887225e-01,2.458580248430815574e-01
1.164486492090435338e-01,2.391574229162266862e-01,2.407929631802582238e-01,1.261442683470664350e-01,2.774566963474050518e-01
1.117256871984653038e-01,2.034541454186875042e-01,2.238249120646092216e-01,1.531121167064996291e-01,3.078831386117383828e-01
1.015248395102103518e-01,3.074904007560693153e-01,2.630490602532851163e-01,1.145169685729447995e-01,2.134187309074904448e-01
1.311337217200673755e-01,2.105431280632887037e-01,2.824469051923004792e-01,1.328644392607373770e-01,2.430118057636060924e-01
1.169349997286452392e-01,1.818318746564377975e-01,2.873247205634648083e-01,1.443066610112465897e-01,2.696017440402056486e-01
1.187149175469467410e-01,1.716512213729266823e-01,2.681304085494404799e-01,1.479267163155372489e-01,2.935767362151489035e-01
1.382041321635045505e-01,1.918873251854756601e-01,2.776088477032964685e-01,1.289469201416588717e-01,2.633527748060645046e-01
1.444619600342972876e-01,1.323029588331542661e-01,3.019452287734534224e-01,1.099100513254855915e-01,3.113798010336094046e-01
1.577860482920069862e-01,1.640573368447442171e-01,2.863971636627274941e-01,1.164576422852637710e-01,2.753018089152576287e-01
1.477874517034327984e-01,1.336261758671193067e-01,2.904202548863491495e-01,1.335474716330124767e-01,2.946186459100862964e-01
1.556309697313057183e-01,1.057349175250543588e-01,2.768359124325736609e-01,1.459269668508855755e-01,3.158712334601807004e-01
1.627358131379503248e-01,1.338926309216284805e-01,3.168889104538889501e-01,1.045461947502824146e-01,2.819364507362497885e-01
1.577648845469895589e-01,1.958983833636430416e-01,2.911437197945392907e-01,9.374717826843552426e-02,2.614458340263925429e-01
1.485057171890576122e-01,1.821103751050134056e-01,2.930962199417342928e-01,1.095961979597877417e-01,2.666914898044069893e-01
1.992440542058895037e-01,1.919251708431780612e-01,2.421094953126449179e-01,9.916857499031735135e-02,2.675527046479702076e-01
1.880948633108874002e-01,1.863837424051824898e-01,2.808376584557670252e-01,1.057533088235375479e-01,2.389304270046256895e-01
1.937004270091082780e-01,1.886495377231494630e-01,2.274225833227483118e-01,1.010479883273838336e-01,2.891794636176100997e-01
1.574563757639661499e-01,1.738601304905275091e-01,2.124699804067467779e-01,8.023206172043206852e-02,3.759814516183274113e-01
1.545742657740693249e-01,1.963607411302579486e-01,2.058310939776097637e-01,8.113595313775699702e-02,3.620979459803059242e-01
1.689216751849044185e-01,2.493134363178191315e-01,2.166669738730446215e-01,8.182092986186384476e-02,2.832769847623680115e-01
1.404903129078504120e-01,2.492560589490884770e-01,2.098407044161905155e-01,1.169681334833470171e-01,2.834447902435235922e-01
1.303425622964459740e-01,1.787254610913458774e-01,2.692073972319705688e-01,1.416697968223968040e-01,2.800547825578407202e-01
1.326521588070031787e-01,1.888181499321130996e-01,2.783336955689124093e-01,1.082821555447353451e-01,2.919138401472359257e-01
1.350397748195389658e-01,1.678315931105721637e-01,2.563368048964078660e-01,1.559380774648227996e-01,2.848537497086583437e-01
1.672635853060465416e-01,1.643597145516527136e-01,2.773463291323385316e-01,1.383693398437492728e-01,2.526610311662129127e-01
1.652219112076036278e-01,2.103003154764569449e-01,2.751595321945043415e-01,8.744345040282200388e-02,2.618747907186130264e-01
1.825460803123800380e-01,1.604729912156341309e-01,2.800290452590163404e-01,1.041603894751179649e-01,2.727914937378516091e-01
1.638965135228248604e-01,1.877470638854981944e-01,2.473488132333366840e-01,1.028339205218722074e-01,2.981736888364680538e-01
1.836209005238490788e-01,2.157204578185929478e-01,2.571967351952892944e-01,7.548274052036176018e-02,2.679791659419068495e-01
1.833184617972203334e-01,2.004710218825866141e-01,2.429327197165444263e-01,6.685800514323725352e-02,3.064197914604114281e-01
2.592000722531655477e-01,1.630790067011481381e-01,2.167845128917291475e-01,8.344951539414206809e-02,2.774868927598150847e-01
2.491793328628366944e-01,1.974879467594469751e-01,2.177571835662886757e-01,1.052365945203711378e-01,2.303389422910565587e-01
2.534612455612261783e-01,2.028311221549687349e-01,1.780302396338366011e-01,7.206085916145796300e-02,2.936165334885105227e-01
2.277255947137037106e-01,1.758678920744209118e-01,1.899144114076619094e-01,7.971410509908552489e-02,3.267779967051279710e-01
2.344420079474646423e-01,1.759822277290902515e-01,2.234206778714657171e-01,9.402432898668187933e-02,2.721307574652975236e-01
1.975985243164353755e-01,1.915343985220271383e-01,2.395486576665974698e-01,1.249129399692355258e-01,2.464054795257044628e-01
2.004869949726942324e-01,1.811723685230136327e-01,2.590793302802901210e-01,1.161470956477739375e-01,2.431142105762280070e-01
2.269514829716336723e-01,1.611976293930647564e-01,2.560472910163340554e-01,1.006698779531400995e-01,2.551337186658274025e-01
2.733459609000731261e-01,2.262053425585681121e-01,1.976830725997833771e-01,1.006993134394889855e-01,2.020663105020864270e-01
2.264452160340461595e-01,1.818357737752385739e-01,2.322675001876313983e-01,1.102499843315646599e-01,2.492015256715191529e-01
2.154599334665199262e-01,1.740083661814141591e-01,2.145836132298384324e-01,1.153038681068235399e-01,2.806442190154038729e-01
1.846161756986918201e-01,1.775218554682750638e-01,2.409958557980113047e-01,1.276186532227960579e-01,2.692474598122257534e-01
1.883624977710034454e-01,1.728137819495519090e-01,2.757649815478042110e-01,1.350451648532262072e-01,2.280135738784143384e-01
1.884802887072905553e-01,1.378434643588076214e-01,3.083610473882665848e-01,1.004720224185432220e-01,2.648431771270920998e-01
1.586134045944146698e-01,2.349041366118653218e-01,2.316117142069956947e-01,1.131790987652816355e-01,2.616916458214427199e-01
1.988040862661846486e-01,2.260813192836964303e-01,2.461892774013243190e-01,6.742765266270812907e-02,2.614976643860864591e-01
1.650716336688418939e-01,2.127605254284159475e-01,2.753879929977351981e-01,9.877774140155091975e-02,2.480021065034561933e-01
2.091997595920647990e-01,1.991657132721025569e-01,2.533139984939652978e-01,7.194332331608206677e-02,2.663772053257854044e-01
2.131430386550950684e-01,1.876917003421572361e-01,2.486206099554702786e-01,1.129777915678907285e-01,2.375668594793867439e-01
1.747701855991037889e-01,2.107124018308134672e-01,3.256565598595002609e-01,9.788930242564548856e-02,1.909715502849369806e-01
1.763330948575594637e-01,2.703378944479304380e-01,2.476999895749310288e-01,1.007695694364747346e-01,2.048594516831044043e-01
1.629696819067240343e-01,2.497684165245881438e-01,2.537259661308911007e-01,9.662808483480855859e-02,2.369078506029880515e-01
1.835677076741212554e-01,2.606732671830959691e-01,2.580841443824560266e-01,1.055966057409583186e-01,1.920782750193683608e-01
1.801473895461274954e-01,2.196519602869261012e-01,2.433494150812239576e-01,1.278766618465516369e-01,2.289745732391707533e-01
1.581447997408524098e-01,2.770979746653438602e-01,2.279117544574623677e-01,1.187948283666304811e-01,2.180506427697108118e-01
1.641343556747088261e-01,2.358308670788641925e-01,2.334521445835229247e-01,1.384736208428179460e-01,2.281090118200860828e-01
1.684121792710644994e-01,1.932235069357296497e-01,2.705649395622564124e-01,1.409182822632650822e-01,2.268810919676843840e-01
1.587712137957104641e-01,2.074294222910603724e-01,3.069268168714321399e-01,1.046873614926289997e-01,2.221851855491679684e-01
1.710551012033911522e-01,2.677591918990216424e-01,2.338602726902426487e-01,1.153463788328532164e-01,2.119790553744914097e-01
2.093284920821528450e-01,2.261481749541057462e-01,2.328810863601024905e-01,1.020075106555485001e-01,2.296347359480905292e-01
1.867954582707314626e-01,2.336250374223586834e-01,2.717150446556014787e-01,7.123796729192118093e-02,2.366264923593871805e-01
1.812507760867302642e-01,2.246174275802805820e-01,2.795453725034735548e-01,9.040352828694576959e-02,2.241828955425698988e-01
1.807632351621790145e-01,2.431278901813206106e-01,2.586476947290577977e-01,7.055752060327569186e-02,2.469036593241669408e-01
1.731755630177436445e-01,2.307252672379579983e-01,2.763776239557521053e-01,6.576541905710234226e-02,2.539561267314439652e-01
1.795452518159186550e-01,2.261270282211549076e-01,2.481171348307696645e-01,6.872984352481184556e-02,2.774807416073448718e-01
1.569260699376231749e-01,2.248089570838011364e-01,2.186513676892487268e-01,8.958872899116633592e-02,3.100248762981606676e-01
1.740974034269826831e-01,2.305943640893025892e-01,2.545361002203094247e-01,7.596905370817268188e-02,2.648030785552326072e-01
1.569001923839348778e-01,2.503255142005657019e-01,2.377755589937927960e-01,8.146374846057410912e-02,2.735349859611325707e-01
1.612440209745132913e-01,2.666543769009374620e-01,2.269939355670703984e-01,6.562448866985316764e-02,2.794831778876257222e-01
1.468249401299400181e-01,2.728257685020786250e-01,2.728201105947769545e-01,9.237776562657006030e-02,2.151514151466343283e-01
1.401729922698898567e-01,2.575676097426639055e-01,2.527449452770454963e-01,7.173329922957742688e-02,2.777811534808232730e-01
1.953661101262725019e-01,2.394267630305292882e-01,2.312763972072339747e-01,8.250225583758009906e-02,2.514284737983841778e-01
1.686170192083184527e-01,2.695187996746111758e-01,2.267951355110554845e-01,7.265114790505235176e-02,2.624178977009625768e-01
2.229582143155820484e-01,2.662461868217848582e-01,2.306584264108260118e-01,5.361458846003587519e-02,2.265225839917711648e-01
1.689347723188143191e-01,3.392419907348294128e-01,1.535983651642826575e-01,8.721637789906640237e-02,2.510084938830072221e-01
1.152234962123650230e-01,3.201279189827050398e-01,2.059154065044003223e-01,8.478547676920086817e-02,2.739477015313286357e-01
1.381875252883726923e-01,2.676853061868770256e-01,1.733849431342570913e-01,8.659497094338269862e-02,3.341472544471105199e-01
1.427918787162970327e-01,2.811119300349057548e-01,2.156878347713964972e-01,7.718374563609627093e-02,2.832246108413044028e-01
1.919426212257761832e-01,2.866857865577056019e-01,2.166828854992595421e-01,8.604666163642944732e-02,2.186420450808291560e-01
1.642667409311903137e-01,2.778315172961142721e-01,2.148050550963743754e-01,8.475678385020637973e-02,2.583399028261146868e-01
2.058626946559661275e-01,2.466493440816605598e-01,2.079171367428425676e-01,8.518310259321591749e-02,2.543877219263149247e-01
1.700088449837135751e-01,2.224415926784268638e-01,2.647378085372347201e-01,9.499246608607078701e-02,2.478192877145540263e-01
2.046211940713329736e-01,2.728645624856020357e-01,1.632852058275326423e-01,1.100160441421830781e-01,2.492129934733493535e-01
1.515133360837593313e-01,2.984362134519369936e-01,1.599444988544369839e-01,1.205376419174197244e-01,2.695683096924469946e-01
1.764517506135280245e-01,3.213054874090136570e-01,1.642218708238732117e-01,1.023515273124189773e-01,2.356693638411660463e-01
1.764474986291668102e-01,2.681304833765587592e-01,2.157112015991236031e-01,7.256227542358781313e-02,2.671485409715629311e-01
