1.613488392338853772e-01,1.899964622327476038e-01,2.266111740386333728e-01,2.164208023258614721e-01,2.056227221688720352e-01
2.132978751415058050e-01,1.329453475290200970e-01,2.007272244801145411e-01,2.197864908511767412e-01,2.332430619981828990e-01
1.802779025582026684e-01,1.845296072038751234e-01,1.966928673405618222e-01,1.926970155806869700e-01,2.458026073166734715e-01
2.162427101969663645e-01,1.606386749314542561e-01,1.464946247448637162e-01,2.126106039549191806e-01,2.640133861717965935e-01
2.167432572660647205e-01,1.713350868527938331e-01,1.855504718783981544e-01,1.970103447765055027e-01,2.293608392262376783e-01
2.060045149805052600e-01,1.524577792831589285e-01,1.719119236565219699e-01,2.221156954259225769e-01,2.475100866538911537e-01
2.000611842977698951e-01,1.821518662110964137e-01,2.327051959781906709e-01,1.889454664894024416e-01,1.961362870235406064e-01
2.065479915434582092e-01,1.813591757982807307e-01,2.109108980474962702e-01,2.024874447172372027e-01,1.986944898935276149e-01
1.893427603722371011e-01,1.481290485904770970e-01,2.184445162030516641e-01,2.253703851177619177e-01,2.187132897164721923e-01
1.454109856777683896e-01,1.326682231885411567e-01,2.450974705841204582e-01,2.565661729175540695e-01,2.202571476320158705e-01
1.708970673106641469e-01,1.555107325500416082e-01,2.700946171747297120e-01,2.019979743227003355e-01,2.014996086418643084e-01
1.480254332183325860e-01,2.194899234733041771e-01,2.628031425438067115e-01,1.891044589630217210e-01,1.805770418015348322e-01
1.746479385278376373e-01,1.807486512075088814e-01,2.723748704471901094e-01,2.317797432107483735e-01,1.404487966067150262e-01
1.999145027579142253e-01,1.607320352451294954e-01,3.147726777802722919e-01,1.510228969003238053e-01,1.735578873163600988e-01
1.688878255955453822e-01,1.515473195021946884e-01,2.924609005030674447e-01,2.127799786635691526e-01,1.743239757356232211e-01
1.588213938416861148e-01,1.397237408917403612e-01,2.568669712486114642e-01,2.365206732752077046e-01,2.080672207427543552e-01
1.756703988792468474e-01,1.776385802013316917e-01,2.613367296510223370e-01,2.042294346937366945e-01,1.811248565746624573e-01
1.744533828169752832e-01,2.283462186390999293e-01,1.267890346823742631e-01,2.364779557313494429e-01,2.339334081302011648e-01
1.556132769892984158e-01,2.368078939143964390e-01,1.535703817868676047e-01,2.155548506352914506e-01,2.384535966741460900e-01
1.697337219924605345e-01,2.086497198774797390e-01,1.437328934913661427e-01,2.126793043877543699e-01,2.652043602509391307e-01
1.927816064964911480e-01,1.860601034008258214e-01,1.594899313671704344e-01,2.248476070278068173e-01,2.368207517077057511e-01
2.062301979276579267e-01,1.731079271837705214e-01,1.768532815115726742e-01,2.196424372897072541e-01,2.241661560872915127e-01
1.993485577613755555e-01,2.080124623938834350e-01,1.650436470151904478e-01,2.027158701131208107e-01,2.248794627164297788e-01
2.248508718114081706e-01,2.416253762841618080e-01,1.500311261298601373e-01,1.770376220370086517e-01,2.064550037375611768e-01
1.919093745311662158e-01,1.519658516612807930e-01,1.889425115495641794e-01,2.188836062414946659e-01,2.482986560164941181e-01
1.882858509240302181e-01,1.807845639800008675e-01,1.771570311112704299e-01,2.457001741435403952e-01,2.080723798411580894e-01
1.852615189974143317e-01,1.524431727409350235e-01,1.883092041892573676e-01,2.454029090003490843e-01,2.285831950720440542e-01
1.755957975189083309e-01,1.687228674777342952e-01,2.038140219481061055e-01,2.079889567893916658e-01,2.438783562658596027e-01
2.019947654477405874e-01,1.501002232930486457e-01,1.886493377322113474e-01,2.303681923752251282e-01,2.288874811517743191e-01
2.063620825259067371e-01,1.434119420671366163e-01,1.979300510748485120e-01,1.665624513839096266e-01,2.857334729481985636e-01
2.518400030670008838e-01,8.471945937822081274e-02,2.304203277262184824e-01,1.329194321423555203e-01,3.001007776862043008e-01
2.060246785115114887e-01,1.098810365966167990e-01,2.643114652626046834e-01,1.485259248067952453e-01,2.712568948224717280e-01
2.310406893906640780e-01,9.292109282505688073e-02,1.990982462560567101e-01,1.866383281522400739e-01,2.903016433759822434e-01
2.176493178164812248e-01,1.014371623387501087e-01,1.929269178294450160e-01,1.967976345106432490e-01,2.911889675046803183e-01
1.901275585950056579e-01,1.075263070025941348e-01,2.447006884734134191e-01,1.847182220597603231e-01,2.729272238692265207e-01
1.891992003477726281e-01,1.377419458482907200e-01,2.745744776747056637e-01,1.746007487097895328e-01,2.238836274194414278e-01
1.748979246943586641e-01,1.517089041216043988e-01,3.086049539515255402e-01,1.539220592122742537e-01,2.108661580202371710e-01
2.067453788247835544e-01,1.605347653807104313e-01,3.075609411551231132e-01,1.584965661776689683e-01,1.666623484617139328e-01
2.260600041091187229e-01,1.777547245629286232e-01,2.086872731239592660e-01,2.199905844270904631e-01,1.675074137769029803e-01
2.477578150895380915e-01,1.752378959785466650e-01,2.304199649045466924e-01,1.619860801050609922e-01,1.845982439223074756e-01
3.136848683632048607e-01,1.269490731826735663e-01,1.659902871113486944e-01,1.989576998776416139e-01,1.944180714651313757e-01
2.424255309695430016e-01,1.598897951925685179e-01,2.386851218351847270e-01,1.584178172120609684e-01,2.005817347906427850e-01
2.436592054426261755e-01,1.266918332297961025e-01,2.292057883115861394e-01,1.910890240881662205e-01,2.093541489278254175e-01
2.909040883961167001e-01,1.247981122969754747e-01,1.986596958785361022e-01,1.623773853496767172e-01,2.232607180786950196e-01
2.126384242069561670e-01,1.126987855502624980e-01,2.156608144068755673e-01,2.440461193797650030e-01,2.149558564561407925e-01
1.969980797339212775e-01,1.878931284112579647e-01,2.358521759482148372e-01,2.353254119189401861e-01,1.439312039876657900e-01
2.508205773614280432e-01,1.478053583024863393e-01,2.207533510600341864e-01,2.232390321942670230e-01,1.573816810817843526e-01
2.819594168774771092e-01,1.236801531814127192e-01,2.222115109804456978e-01,2.027286059911811988e-01,1.694203129694832610e-01
2.310095492070161072e-01,1.232464656128555991e-01,2.634018093693008544e-01,2.075924109397100648e-01,1.747497648711173468e-01
2.394405629569855143e-01,1.432430636109679190e-01,2.673903761766616705e-01,1.722624696073083717e-01,1.776635276480765246e-01
2.344301961593893979e-01,1.789607877239883515e-01,2.240515166360630417e-01,1.748110021158332805e-01,1.877464973647259561e-01
2.156080890603512823e-01,1.782177901027518774e-01,2.211964457007177809e-01,1.772790722374141259e-01,2.076986028987648780e-01
2.962296559143164920e-01,1.463265917275961003e-01,2.240641374312685175e-01,1.336767509542243215e-01,1.997028639725945409e-01
2.767655085670809867e-01,1.458260826078374983e-01,2.529142800989678808e-01,1.044159771120145852e-01,2.200781516140990768e-01
2.563540709426608832e-01,1.675054769419634659e-01,2.341740112711412636e-01,1.444939977528842123e-01,1.974724430913502304e-01
2.336739903115026273e-01,2.146799293222199090e-01,2.041736274077068647e-01,1.279628427414220004e-01,2.195096102171485708e-01
2.770420910440641316e-01,1.805022678962663329e-01,2.018351030455375894e-01,1.410325048608713772e-01,1.995880331532604579e-01
2.197837393970084319e-01,1.749092047698803387e-01,2.361361834452542219e-01,1.765784018179260562e-01,1.925924705699310069e-01
2.425813505131785563e-01,1.803563672297405773e-01,2.405003280308661007e-01,1.594217763225279083e-01,1.771401779036868573e-01
2.425219157099524070e-01,1.670117116140339142e-01,1.892032145235651441e-01,2.265686707864478788e-01,1.746944873660006836e-01
2.477419512503140075e-01,1.897687540622327029e-01,2.001253997138701668e-01,2.139785777792719279e-01,1.483853171943111948e-01
3.020180625284281661e-01,1.623921906886808542e-01,1.849901926929961304e-01,2.084655300521343624e-01,1.421340240377604314e-01
2.533812475812074472e-01,1.341183626222650915e-01,2.485138207964455170e-01,2.145051215050388926e-01,1.494814474950430239e-01
2.236714532669651090e-01,1.283114449362726117e-01,2.513236945089158958e-01,2.033429668823702186e-01,1.933504404054761927e-01
2.346400493450292168e-01,1.495928342704890834e-01,2.298376122996094451e-01,1.827699213504649645e-01,2.031595827344073735e-01
2.591242373922511000e-01,1.671086126250759529e-01,2.036117634806623444e-01,1.886318666587651072e-01,1.815235198432454677e-01
2.473548411687420401e-01,1.419666924971752231e-01,2.443870915152571988e-01,1.914286102907338527e-01,1.748627645280916576e-01
2.469450168758179909e-01,1.415955414291014403e-01,2.306235250252806068e-01,1.906522206614877368e-01,1.901836960083122807e-01
2.532538811154100289e-01,1.645731915875984774e-01,1.958779186516278192e-01,1.865854177637045475e-01,1.997095908816591547e-01
2.536885542113243575e-01,2.117968806295366380e-01,1.587594069334356539e-01,1.755501036907164136e-01,2.002050545349869926e-01
2.657820479461906471e-01,1.846708711881049347e-01,2.160911978351220952e-01,1.763098574372934102e-01,1.571460255932888295e-01
2.643783917270186024e-01,1.781410680783829248e-01,1.952596950488088845e-01,2.018822694885852032e-01,1.603385756572044130e-01
2.388928955265426646e-01,1.700176332339771446e-01,2.211134576453925027e-01,2.191000236197695461e-01,1.508759899743181698e-01
3.118346871199479398e-01,1.304367034835670069e-01,1.926540140422774716e-01,2.341346744659409118e-01,1.309399208882665588e-01
2.704895863997289762e-01,1.481129779525981738e-01,2.187803165472242684e-01,2.523457902660905527e-01,1.102713288343579595e-01
2.856670817853528832e-01,1.403083637730879185e-01,2.241604767931880682e-01,2.136652958840700722e-01,1.361987817643010579e-01
3.171938674908720834e-01,1.486053579219532850e-01,2.145910776397926545e-01,2.009244140566040782e-01,1.186852828907778851e-01
2.989166043442708642e-01,1.292014630070504599e-01,2.386035532812147975e-01,2.134701010101792140e-01,1.198082783572846921e-01
2.736799012453970947e-01,1.110568668795366420e-01,2.551306319193811789e-01,2.191802590297504960e-01,1.409523409259345328e-01
2.888511433153270747e-01,1.215797425891950029e-01,2.834988734507766228e-01,2.206088678780867285e-01,8.546137276661466831e-02
3.318122969838162573e-01,1.104022932050281597e-01,2.069927718743138911e-01,2.185056290228063747e-01,1.322870089140354144e-01
2.920547866201201881e-01,9.472980033807745781e-02,2.360199798532480742e-01,2.336751308357374879e-01,1.435203023528167365e-01
2.765466233129647011e-01,1.149361048594953472e-01,2.143439387693457376e-01,2.490263280474996899e-01,1.451470050106944687e-01
2.869995105898273113e-01,1.413143276620295596e-01,2.423582510035067472e-01,1.809482531822163565e-01,1.483796575624200254e-01
2.657246852290739425e-01,1.376562319509561094e-01,2.566725104020866066e-01,2.210203105006451618e-01,1.189262619172380964e-01
3.003825015207552962e-01,1.536498575887907392e-01,2.936666912584819378e-01,1.838357734202612503e-01,6.846517621171085977e-02
3.792907460784384344e-01,1.349284916754960595e-01,1.758214390160798279e-01,2.143555080509528254e-01,9.560381517903272786e-02
2.976895544199509303e-01,1.344505121136929382e-01,2.372948033507676080e-01,2.364294409669222274e-01,9.413568914866630999e-02
3.213724942122026529e-01,1.321609616239155516e-01,2.318816970496539731e-01,1.994665566223830511e-01,1.151182904918448546e-01
3.288000718489569874e-01,1.581698375474306362e-01,1.751003955135788659e-01,1.810250408663801325e-01,1.569046542236534336e-01
3.455903188187048336e-01,1.490409266511325548e-01,1.950328479481985011e-01,1.738274986872239969e-01,1.365084078947400859e-01
3.897770007207077558e-01,1.123905385010496860e-01,2.444668803514186695e-01,1.506275265211487746e-01,1.027380539056752112e-01
3.678276950293524195e-01,1.324250523458336548e-01,2.259471043568545279e-01,1.608236589273003558e-01,1.129764893406589032e-01
3.271646721515829581e-01,1.735324214290296929e-01,2.273036607737350667e-01,1.674450962452124769e-01,1.045541494004397498e-01
2.527362844545461007e-01,1.467263804445044506e-01,2.717057715507840143e-01,2.085447229517831680e-01,1.202868405983821970e-01
3.191667035490524662e-01,1.625880916000458087e-01,1.923492485730604051e-01,2.105318516972413678e-01,1.153641045805999521e-01
3.044573328431121606e-01,1.535574520285528100e-01,1.990157643013695521e-01,2.090457868064702629e-01,1.339236640204951589e-01
3.102633973577010873e-01,1.623000651696476782e-01,2.643772141267290987e-01,1.570901847788070127e-01,1.059691385671151787e-01
3.457722001817733481e-01,1.553154116695787956e-01,2.414679660403042105e-01,1.806429289962375173e-01,7.680149311210608676e-02
3.388272660538508285e-01,1.944328738461623129e-01,1.952313374952641123e-01,1.585398480460521731e-01,1.129686745586705870e-01
3.004538210221026073e-01,1.917605642175692626e-01,2.401580263222886924e-01,1.537646266448312038e-01,1.138629617932081228e-01
2.305100649761316900e-01,2.020149959322757316e-01,2.936229666406731109e-01,1.914459119382858343e-01,8.240606051263360543e-02
2.433309496767279423e-01,1.770763639337847029e-01,2.841648512560971396e-01,1.957450870830279299e-01,9.968274805036221597e-02
3.276116530153402873e-01,1.525992316738569721e-01,2.573852995731449878e-01,1.850054037724713496e-01,7.739841196518633393e-02
3.069584010842797417e-01,1.349643085080151628e-01,2.587831633915195217e-01,1.915360002772351633e-01,1.077581267389503550e-01
2.961963593375512294e-01,1.757299572223152417e-01,2.233402314607235151e-01,2.054934931238573126e-01,9.923995885555270124e-02
2.686421724361811592e-01,1.725638938257075539e-01,2.265532431185840190e-01,2.176598845474513877e-01,1.145808060720759636e-01
3.082361701160517553e-01,1.425953766291017388e-01,1.923878428663053919e-01,2.311704366636881947e-01,1.256101737248528916e-01
2.710229440978672577e-01,1.585162283006853745e-01,2.538580712842816722e-01,1.703563673424298708e-01,1.462463889747357693e-01
2.792073606301789801e-01,1.951401035511729776e-01,1.850813197245447794e-01,2.061363036276954996e-01,1.344349124664077910e-01
2.559332007899883243e-01,1.809690797385364869e-01,2.214535091701007596e-01,1.913530680956808672e-01,1.502911422056935620e-01
2.552279875551007327e-01,2.086296649127380720e-01,2.088751333867302495e-01,1.527388677034975661e-01,1.745283464419334907e-01
2.550271394940026304e-01,1.860484392600774139e-01,2.611822957258205236e-01,1.652869175306282690e-01,1.324552079894711076e-01
2.657785459781377146e-01,2.174917011379363940e-01,1.801332403827159145e-01,1.698321360590012707e-01,1.667643764422087616e-01
2.730238227488193670e-01,2.390815643628115272e-01,1.967294174909740845e-01,1.473991214633217361e-01,1.437660739340734517e-01
2.669940496803946406e-01,2.404269760450919169e-01,1.502310194760201612e-01,1.684842747692819886e-01,1.738636800292112650e-01
2.977661753234362441e-01,2.365978221192737707e-01,1.320474671299425029e-01,1.872606198448694137e-01,1.463279155824781796e-01
3.135141753355274452e-01,1.777381604585545061e-01,1.151881122163231491e-01,2.040991329096457363e-01,1.894604190799492882e-01
2.795649600509391708e-01,1.967865431854255998e-01,1.382853973938866221e-01,1.586405928218750372e-01,2.267225065478736257e-01
2.536566498764888933e-01,1.968612773742020872e-01,1.929577955909389797e-01,1.415990563756062137e-01,2.149252207827637706e-01
2.366731315872295238e-01,2.676106522782759067e-01,1.309950283309967434e-01,1.892550969891358403e-01,1.754660908143619580e-01
2.021061419221111821e-01,2.518431293437198293e-01,1.590757147558559959e-01,1.716837570889554188e-01,2.152912568893575185e-01
2.491061943024553416e-01,2.369567405468603616e-01,1.636261142915890754e-01,1.596437418058563318e-01,1.906672090532390285e-01
2.230121559159365940e-01,2.164267346245734580e-01,2.043348532578854182e-01,2.407554887996757598e-01,1.154707674019287839e-01
2.424135134256629465e-01,1.929630580445077515e-01,1.838196367377721574e-01,2.465126575192188030e-01,1.342911342728384250e-01
2.133207829763433816e-01,2.236016972619164211e-01,1.729694026172773624e-01,2.154548665838231791e-01,1.746532505606396835e-01
2.609578612944860043e-01,1.791017195980610377e-01,1.560405435764450344e-01,2.206691959634398681e-01,1.832306795675680000e-01
2.685118080390356265e-01,1.802225629858996980e-01,1.546177017837650769e-01,2.088757272665167641e-01,1.877721999247828344e-01
2.813485873800842807e-01,2.133132926499562432e-01,1.462876696689816569e-01,1.911018429379621741e-01,1.679486073630157839e-01
2.702516487202223927e-01,1.795605214624183266e-01,1.369683026851028218e-01,1.899286284087691179e-01,2.232908987234872855e-01
2.763029260926241903e-01,2.262815633202907850e-01,1.326928852468190478e-01,1.887723849765040873e-01,1.759502403637618617e-01
2.974875608126118509e-01,1.888329691707973657e-01,1.337212032617103863e-01,2.446481855150128004e-01,1.353100812398676522e-01
2.958000001845562110e-01,1.894389712438332429e-01,1.609682102569130191e-01,2.138607133196728793e-01,1.399321049950245643e-01
2.999114650719406083e-01,1.437234597259173519e-01,2.304219409821711417e-01,2.171123606772096259e-01,1.088307735427611889e-01
2.445050547301971244e-01,2.073619779070303981e-01,2.321766323568705825e-01,1.936833791630987733e-01,1.222729558428030938e-01
2.629600469154274589e-01,2.095142288246971685e-01,2.157555348141721452e-01,2.146459274763545810e-01,9.712426196934866029e-02
2.933149283330033219e-01,2.013980761721594348e-01,1.894289595911545498e-01,1.499024731486466588e-01,1.659555627550361734e-01
3.035583469510697019e-01,1.745729153808898704e-01,2.025035572302617826e-01,1.385799515478311761e-01,1.807852288899475524e-01
2.855667983760666329e-01,2.087849838169028582e-01,1.897101495533247972e-01,1.688321545689850933e-01,1.471059136847205628e-01
2.344240998656916541e-01,1.675815821138037232e-01,2.538640413316515798e-01,2.038935191796550361e-01,1.402367575091979512e-01
2.550378122398000991e-01,1.711969764125825244e-01,2.715483117986591255e-01,1.865437842368658505e-01,1.156731153120924421e-01
2.589511671370807733e-01,2.058501935838750185e-01,2.231583582220592332e-01,1.977799947279250126e-01,1.142602863290599624e-01
2.338605357623284586e-01,2.233006292168144835e-01,2.204028273944691196e-01,1.686048353634668207e-01,1.538311722629211176e-01
2.695173289327766342e-01,1.659329341686497095e-01,2.432872004911414143e-01,1.906609509631270738e-01,1.306015854443051682e-01
2.417156285278885541e-01,1.865266891687641926e-01,2.733707840063366867e-01,1.536359873494884121e-01,1.447509109475221822e-01
2.129221066820538300e-01,2.461373327481096995e-01,2.406065972354246019e-01,1.598864999357496319e-01,1.404474633986622090e-01
2.284552775635697308e-01,1.732547626491101611e-01,2.641645801657587778e-01,2.070597641016383439e-01,1.270656155199230419e-01
2.640146592227515243e-01,1.997303290778694729e-01,2.346050147968593014e-01,1.730290183088708522e-01,1.286209785936489047e-01
2.500460221368747127e-01,1.659477598915246599e-01,2.846191588661975413e-01,1.561872551744487025e-01,1.431998039309543558e-01
2.479470071074399151e-01,1.894134540668742928e-01,2.558978953030661696e-01,1.663856369609204855e-01,1.403560065616991093e-01
2.937559911486460340e-01,1.321856042266111031e-01,2.641405397674092548e-01,1.516562036448781403e-01,1.582616612124554678e-01
2.674608876689659187e-01,1.573580549690305752e-01,2.786810153094719800e-01,1.894654709698918860e-01,1.070345710826396957e-01
2.402403015276764198e-01,1.677906271907074198e-01,2.783541278905150018e-01,1.756125733424422908e-01,1.380023700486589233e-01
2.562453110776027887e-01,2.094014553327072925e-01,1.992629545736001040e-01,1.888704188490474278e-01,1.462198601670423592e-01
2.712887271124070909e-01,1.747885703925073364e-01,2.415408421489950996e-01,1.923437837460404976e-01,1.200380766000500171e-01
2.424770807810935902e-01,1.777434643857453700e-01,2.417517958356835417e-01,1.925483843156133856e-01,1.454792746818641125e-01
2.582632768395636824e-01,1.708848377243344374e-01,2.367311089228154863e-01,1.722912404896264349e-01,1.618295360236598479e-01
2.498252939181927201e-01,1.751904632358138036e-01,2.537584793975963260e-01,1.786365467891936343e-01,1.425892166592035437e-01
2.611757159870430889e-01,1.515703310342598198e-01,2.251077933663158392e-01,1.831323883568831967e-01,1.790137712554979443e-01
2.362939899671840094e-01,1.650240339481162666e-01,2.511502624770441949e-01,2.158662487503661409e-01,1.316654648572894437e-01
2.241453427414532296e-01,1.945232425574097146e-01,2.517911675422347950e-01,1.913962138356524734e-01,1.381440333232497319e-01
2.112186002389612460e-01,1.905584591477360867e-01,2.040421421780772571e-01,2.651722134574784340e-01,1.290085849777469762e-01
2.176286782172168477e-01,1.767069058705656170e-01,1.661308849767772766e-01,2.846232504379713757e-01,1.549102804974689385e-01
2.053623528815659016e-01,2.008414612358906393e-01,1.813183158060501787e-01,2.721271197259551022e-01,1.403507503505381226e-01
2.092510134324091220e-01,1.994456330013849310e-01,2.335494971133023068e-01,2.326094324125646262e-01,1.251444240403389585e-01
2.394140453826248960e-01,2.245997356741765150e-01,2.204631484960605237e-01,2.102045675305945771e-01,1.053185029165435715e-01
2.609414187867422075e-01,1.887264003520408850e-01,2.085107177363758058e-01,2.159716846825735226e-01,1.258497784422676624e-01
2.834665330392268090e-01,1.639193127033353181e-01,2.159812064460213676e-01,2.022041434463354992e-01,1.344288043650808395e-01
2.947561895143641086e-01,1.674262586978863820e-01,2.158267433440508309e-01,1.862247110181631249e-01,1.357660974255354425e-01
2.755591982022897457e-01,1.998001885392600152e-01,1.918971162930188934e-01,2.107806157603544506e-01,1.219628812050769090e-01
2.652136719748835469e-01,1.699300663745006990e-01,2.344292429599604544e-01,1.954344658582375660e-01,1.349925528324176505e-01
2.288013215437693371e-01,2.140451666531844044e-01,2.156686679970428178e-01,2.079090159072803645e-01,1.335758278987231318e-01
1.838936798472236567e-01,2.180230934076481386e-01,2.207218290666016769e-01,2.201809934582236172e-01,1.571804042203029383e-01
1.951151900994367860e-01,2.142017741617661675e-01,2.080645182093315004e-01,1.891281935584367135e-01,1.934903239710289991e-01
2.530178003418336319e-01,1.986778679036135808e-01,1.659028409723478092e-01,1.992732837555991898e-01,1.831282070266058437e-01
2.192596174906041029e-01,2.160310807471423900e-01,2.001730109205865915e-01,2.097542045184440374e-01,1.547820863232227950e-01
2.631447794736482826e-01,2.033951904591417559e-01,1.508135296885545207e-01,2.116591362998849202e-01,1.709873640787706317e-01
2.487640568191716028e-01,2.068445912933324360e-01,1.675835642963632577e-01,2.323134863261383243e-01,1.444943012649944902e-01
2.361631005012874707e-01,1.934502588319868543e-01,1.747485088625946037e-01,2.516840229330996603e-01,1.439541088710314942e-01
2.622382504830108041e-01,1.913002733292842872e-01,1.923679323417435694e-01,1.747309075915908783e-01,1.793626362543704611e-01
2.503736881102412992e-01,2.123947802534084384e-01,1.993698253080861682e-01,1.878823497220043492e-01,1.499793566062598837e-01
2.476544284080444414e-01,2.111692254664638557e-01,1.928760076307517723e-01,2.025076090899576020e-01,1.457927294047823563e-01
2.580321318223722793e-01,1.667574315106407634e-01,1.941241016621594873e-01,2.159246959830192492e-01,1.651616390218081654e-01
2.541665289197578836e-01,1.552228160112370803e-01,1.877988017465299087e-01,2.466513940267321403e-01,1.561604592957430981e-01
2.195741905619852385e-01,1.858364381987878122e-01,1.743514139998793289e-01,2.700142090506569281e-01,1.502237481886906922e-01
2.486064816472133843e-01,1.532408706243322538e-01,1.492140096360029533e-01,2.818497713320320952e-01,1.670888667604192579e-01
2.648862106917413972e-01,1.872800794683031067e-01,1.816305300369047970e-01,2.075014664956223998e-01,1.587017133074282715e-01
2.843139341239121487e-01,2.043437096977366030e-01,1.696010320947848315e-01,1.869987031471514738e-01,1.547426209364149152e-01
2.869512398939432218e-01,1.821108865034263558e-01,1.950563006180510428e-01,1.691141484464551703e-01,1.667674245381241815e-01
2.457848324282175534e-01,1.931481215637077808e-01,1.574931688903471183e-01,2.464163618799932176e-01,1.571575152377341911e-01
2.549508101917766778e-01,2.050955325487923142e-01,1.489076141969931377e-01,2.207631405159288518e-01,1.702829025465090185e-01
2.961142201743298119e-01,1.628313889765568845e-01,1.796447506820443574e-01,2.190854651299362910e-01,1.423241750371327108e-01
2.542065956067315335e-01,2.260535426955880001e-01,1.637086306430359794e-01,2.186592482612447486e-01,1.373719827933997384e-01
2.608979668882855374e-01,2.854481741048185417e-01,1.300044966965858972e-01,1.869995907254879408e-01,1.366497715848221106e-01
2.208625824661552550e-01,2.416020561810175438e-01,1.932760265355534801e-01,2.062869240102429280e-01,1.379724108070307653e-01
1.970838235315278686e-01,2.443753252438936874e-01,2.045545865533866248e-01,2.537404411478145771e-01,1.002458235233771450e-01
2.319234634045014010e-01,1.956893772473064508e-01,2.290244155023858919e-01,2.541007974742079956e-01,8.926194637159838574e-02
2.039612557190692566e-01,2.402500856005823082e-01,1.998886512466638565e-01,2.248994453480546163e-01,1.310005620856299902e-01
1.919596179755884147e-01,2.749377579624708301e-01,1.814097518766311923e-01,2.281244834377038067e-01,1.235683887476057563e-01
1.846456237216372309e-01,2.208449543954932037e-01,2.440283774217769652e-01,2.438029039394960795e-01,1.066781405215966178e-01
2.120741181536582864e-01,2.163877768247350619e-01,2.626941363351926739e-01,1.765588225649297183e-01,1.322851461214842594e-01
2.317417572696309214e-01,2.105845121082308424e-01,2.199474334779459583e-01,1.939062744216757117e-01,1.438200227225165106e-01
1.829190615809978271e-01,2.309861075269094288e-01,2.573994623590271091e-01,1.741290645236863444e-01,1.545663040093792628e-01
1.414657677926230983e-01,2.088200666842105757e-01,2.424970892445137971e-01,2.301037965663528806e-01,1.771132797122996483e-01
1.927483962508727555e-01,1.924849709401684483e-01,2.770704056350405953e-01,1.894737203350772281e-01,1.482225068388410005e-01
1.760715052343383713e-01,1.839694230761836080e-01,2.760802594384382247e-01,1.887540582662302902e-01,1.751247539848094503e-01
1.293822631563329717e-01,2.069036780542441722e-01,2.801059947270702621e-01,2.231815265438536755e-01,1.604265375184989184e-01
1.545791899155035676e-01,2.285502604055240083e-01,2.971929076094326216e-01,1.556955059608206293e-01,1.639821361087192009e-01
1.891763529579432723e-01,2.157050752646493541e-01,2.399402270202002641e-01,1.763327334051520145e-01,1.788456113520551227e-01
1.424549423077578758e-01,1.947760965515663301e-01,2.458615459702445383e-01,2.122833355655721344e-01,2.046240796048591215e-01
1.985065213045335564e-01,1.821560851210265175e-01,2.508570826615393878e-01,1.751051178452636692e-01,1.933751930676368136e-01
1.664521631854072592e-01,2.293523829787054436e-01,2.301166311525353891e-01,1.898780078980734087e-01,1.842008147852786104e-01
1.935503379911313604e-01,2.144926804003641219e-01,1.709624613465119403e-01,2.338304971112514785e-01,1.871640231507410435e-01
1.496295614608568747e-01,2.016771478528738282e-01,2.394639122875851511e-01,2.297222507956247217e-01,1.795071276030594243e-01
1.755102341943377275e-01,2.089112717655730311e-01,2.325341528590320339e-01,2.049743627697847570e-01,1.780699784112724504e-01
1.591051707906190882e-01,2.155487827870387618e-01,2.444121346351642299e-01,2.167054848761986174e-01,1.642284269109793582e-01
1.467825247006944722e-01,2.414525557614087270e-01,2.159638465675590147e-01,2.186937017699168151e-01,1.771073712004209155e-01
2.304765866587314416e-01,2.880287967436762075e-01,2.100291616383926641e-01,1.691847945655557128e-01,1.022806603936439185e-01
2.175711668446805303e-01,2.908012512191094356e-01,1.843281325975326401e-01,1.890484241381392982e-01,1.182510252005380263e-01
2.473462048186575168e-01,2.486947615860736482e-01,2.064321475197910538e-01,1.793001587789108675e-01,1.182267272965668720e-01
2.594344876818978074e-01,2.798345792279470778e-01,1.633884796994383715e-01,1.900352469161825097e-01,1.073072064745341503e-01
2.157496540821711994e-01,2.489679442423377298e-01,2.034761092322775466e-01,2.334966782000730268e-01,9.830961424314041408e-02
2.014665354141098874e-01,2.722753539702326697e-01,1.897292076869473987e-01,2.053654224924910676e-01,1.311634804362189211e-01
2.118044203831740968e-01,2.842411235958667848e-01,1.525628909676739753e-01,2.354469377558209009e-01,1.159446272974642006e-01
1.834339112760268453e-01,2.788626622680911993e-01,1.748715477172572419e-01,2.472585993070531285e-01,1.155732794315714879e-01
1.597311095571059825e-01,2.839693390181772248e-01,1.163171238950941322e-01,2.885302883008628028e-01,1.514521392287598023e-01
1.409529016493958342e-01,2.596481089228007688e-01,1.923908388542845127e-01,2.562657679926005350e-01,1.507423825809182660e-01
1.461362971852186721e-01,2.802877158884681807e-01,1.640498410718226330e-01,2.416536071592518264e-01,1.678725386952386323e-01
1.688131960463544190e-01,2.201649025653400760e-01,2.099412074925242622e-01,2.701332204553957839e-01,1.309474734403854590e-01
1.299118770837109915e-01,2.166733554650374927e-01,1.804261034089729987e-01,3.117482541885212566e-01,1.612404098537572605e-01
1.513757810971796680e-01,2.531419921818974794e-01,2.216481900815916450e-01,2.274219513223342259e-01,1.464120853169969538e-01
1.803757793147279520e-01,2.322768556541385254e-01,1.817416338212373972e-01,2.588211615744137051e-01,1.467845696354823926e-01
1.370218075664630941e-01,2.391575532513283142e-01,2.141845449714007976e-01,2.461608212009954721e-01,1.634752730098122664e-01
1.694067699092372259e-01,2.094191656989812800e-01,2.320485325218190342e-01,2.669176382486124766e-01,1.222078936213500944e-01
1.410091305241439885e-01,2.501586437063192392e-01,2.245577884381620981e-01,2.530144405123112006e-01,1.312599968190634458e-01
1.670622361493958596e-01,2.482162643415574965e-01,2.059557267505375266e-01,2.477485340199671593e-01,1.310172387385420134e-01
1.722918371290304840e-01,2.408549925538987502e-01,2.301426373296877048e-01,2.321249637750475714e-01,1.245855692123353786e-01
1.500795777655289376e-01,1.998281106233513738e-01,2.479296187486248471e-01,2.595327837485895683e-01,1.426299091139051900e-01
1.844062538070525836e-01,2.075847163653555816e-01,2.362032823955717287e-01,2.639790703263624194e-01,1.078266771056577006e-01
1.392007815077943578e-01,2.574442479149209873e-01,2.135700684910079306e-01,2.660154588763958272e-01,1.237694432098808694e-01
1.981476948918070302e-01,2.207787486379318986e-01,2.076689700613210676e-01,2.564469391077200400e-01,1.169576473012200746e-01
1.950868517641998201e-01,1.844615292336882484e-01,2.409903338435150644e-01,2.395702306678879068e-01,1.398910544907089049e-01
1.920478873505531148e-01,2.060344980937533210e-01,2.322980610550658687e-01,2.573769856707926462e-01,1.122425678298349661e-01
1.904202620914638711e-01,2.088290532768562191e-01,2.678927695733133163e-01,2.288651993622399516e-01,1.039927156961266419e-01
1.676946942946571095e-01,2.144165781909766477e-01,2.413462923253351378e-01,2.255985740899915104e-01,1.509438610990394836e-01
1.452837282799198659e-01,2.461118415792386271e-01,2.095299959843583970e-01,1.887896069356702344e-01,2.102848272208128477e-01
1.517881891144134132e-01,1.601021467865071379e-01,2.723788448646099480e-01,2.491388544539685224e-01,1.665919647805009784e-01
1.812195197686849724e-01,2.077614409520636141e-01,2.602801240505650537e-01,2.317245163505132211e-01,1.190143988781731527e-01
1.933465677136839977e-01,2.122720827199882920e-01,2.495017496188103034e-01,2.268072483472358403e-01,1.180723516002815665e-01
1.849914215709381748e-01,2.474817216146446563e-01,2.037487126442401042e-01,2.301116010408569557e-01,1.336665431293201645e-01
1.436990805179732544e-01,1.964969156102021053e-01,2.682349825369950702e-01,2.386058450431673417e-01,1.529631762916621729e-01
1.117524646738215915e-01,2.260164357201500385e-01,2.523629647433866530e-01,2.380393010901247497e-01,1.718288337725170090e-01
1.394600732946401911e-01,2.550632723902484522e-01,2.506639360168351760e-01,2.279904812527094038e-01,1.268222370455667214e-01
1.907807977064211180e-01,1.834102921351517812e-01,2.287981116741618637e-01,2.798001264284348255e-01,1.172106720558303145e-01
1.957670154866955337e-01,1.883977891720165221e-01,2.040122771207288077e-01,2.713283887621724122e-01,1.404945294583868354e-01
2.214286031981056446e-01,1.851009342882835307e-01,2.354717036042741074e-01,1.849760511975200028e-01,1.730227077118166590e-01
1.908328918723679324e-01,1.951609666470524584e-01,2.635438336468195475e-01,2.252812320508723043e-01,1.251810757828877574e-01
2.032980224819941339e-01,1.967967623120457643e-01,2.129387647374192671e-01,2.028714527794753253e-01,1.840949976890655093e-01
2.306080654409960462e-01,1.514768527694045908e-01,2.544111138013780415e-01,2.065517248596338007e-01,1.569522431285874653e-01
2.399115055475869451e-01,1.999487509284713638e-01,2.291212865208222538e-01,2.474531696477779985e-01,8.356528735534142494e-02
2.372199081920865205e-01,1.804969249214702920e-01,2.179409725439737378e-01,2.482950055924483812e-01,1.160471887500210270e-01
2.190466252876366593e-01,1.822571994270530960e-01,2.953934187159596436e-01,2.171818666929842823e-01,8.612088987636624948e-02
2.441657714482111385e-01,1.917873123550362380e-01,2.123132542786634325e-01,2.334046832559743545e-01,1.183289786621149059e-01
2.104052028844150268e-01,2.091236352275396004e-01,1.868852324072477755e-01,2.734207110330239554e-01,1.201652184477737251e-01
2.353093991127448437e-01,2.290382651875262354e-01,2.042892561128415441e-01,2.120279788552127676e-01,1.193351007316744844e-01
1.869379252257898638e-01,2.357196803884489267e-01,2.030464591549985820e-01,2.327541496330334247e-01,1.415417855977290917e-01
2.372460541416213098e-01,2.352692186745079794e-01,1.762964600251444858e-01,1.838352917478765225e-01,1.673529754108497303e-01
2.042870223664956797e-01,2.267582682463933352e-01,1.752280453068961186e-01,2.528231822351528213e-01,1.409034818450620730e-01
2.415266525275662768e-01,2.296190891595874528e-01,1.495306026963669488e-01,2.324548595269665674e-01,1.468687960895126987e-01
2.357245352109829661e-01,2.109112761831163640e-01,1.622882293554200328e-01,2.506183483654357280e-01,1.404576108850447980e-01
2.178152851045137839e-01,2.035746766347861225e-01,1.752031675313824588e-01,2.867955515046594628e-01,1.166113192246581026e-01
2.121468105577835883e-01,2.163908336954201705e-01,1.978553302510445977e-01,2.586121495448969743e-01,1.149948759508546275e-01
1.852355759005477054e-01,2.217172096127633385e-01,1.957006689346126593e-01,2.595697531355873333e-01,1.377767924164889635e-01
2.134207062431372759e-01,1.574275234742709140e-01,1.704183258294733883e-01,3.162469150588401723e-01,1.424865293942783329e-01
2.097371941934988715e-01,1.670265655380928915e-01,1.517699482419966606e-01,3.065683629092426088e-01,1.648979291171689954e-01
2.592504293857444408e-01,1.681914797219521418e-01,1.357201953163718056e-01,3.207608547039184632e-01,1.160770408720132457e-01
2.120241937776918273e-01,1.599614880066572709e-01,2.220803747034771347e-01,2.829737600531417874e-01,1.229601834590319381e-01
1.856800475532876527e-01,1.793166522551124242e-01,1.981781996303542681e-01,3.002155460670973275e-01,1.366095544941482998e-01
1.733951270557570201e-01,1.655351380923245908e-01,1.915045759144395898e-01,3.446555799254780172e-01,1.249095790120007682e-01
1.570145276388290323e-01,1.699341135816536397e-01,2.229545422567424939e-01,3.326900470788072828e-01,1.174067694439674819e-01
1.839459734362012544e-01,2.163755720100540569e-01,1.907407751604869306e-01,2.620970325281271052e-01,1.468406468651307362e-01
1.608983405201592498e-01,2.057848204303576178e-01,1.944204928834491197e-01,2.805128327655476150e-01,1.583835134004863421e-01
1.883341651025792762e-01,1.511139756483451946e-01,2.224680440658717839e-01,2.811658288006054773e-01,1.569179863825981847e-01
1.940036661089415970e-01,1.400080742678668499e-01,2.642552953197151444e-01,2.802399389890848358e-01,1.214930253143915173e-01
2.173447314374817585e-01,1.438305537075774687e-01,2.109495695863561060e-01,3.037956329385130827e-01,1.240795123300716812e-01
2.211685529574619613e-01,1.422251810757038659e-01,2.145059727829255747e-01,2.836774691626131051e-01,1.384228240212954930e-01
2.071423261241888136e-01,1.533125045226644001e-01,2.440227906796286761e-01,2.745675024018952026e-01,1.209548762716229631e-01
1.920044893563197796e-01,1.790162922341039797e-01,2.239885173820355124e-01,2.413989345503990969e-01,1.635917664771416591e-01
1.902823995909956045e-01,2.002900219388394909e-01,2.127699278691536078e-01,2.574332521884541425e-01,1.392243984125571266e-01
2.234575999415492065e-01,1.843190053129570294e-01,2.022643273711225154e-01,2.801244671532505670e-01,1.098346002211206540e-01
2.065939578724345638e-01,1.666965971637469623e-01,2.083771283644959837e-01,2.986026175491917067e-01,1.197296990501307834e-01
1.601408489021708959e-01,2.067293770491653582e-01,2.057655521350541805e-01,2.808269765995465295e-01,1.465372453140630638e-01
1.955939205082559695e-01,1.992164115945312675e-01,1.824042806077048329e-01,3.055486220961317056e-01,1.172367651933763216e-01
2.128302971890445316e-01,1.696100683663699926e-01,2.089626249935639946e-01,2.584044250687525524e-01,1.501925843822689011e-01
2.037597208416621619e-01,1.617424071860405210e-01,2.089018035591347633e-01,2.842568978637117216e-01,1.413391705494507211e-01
1.866083288631331105e-01,1.707494761333833710e-01,2.485327225119165206e-01,2.652506888898552018e-01,1.288587836017118793e-01
1.572901314416568497e-01,1.817369358706790727e-01,2.198696784231486123e-01,3.217158509237909580e-01,1.193874033407245211e-01
2.125185161056204475e-01,1.960194461808137112e-01,1.958063651669572913e-01,2.677879650099293518e-01,1.278677075366791704e-01
2.102966038269516724e-01,2.150054876142234173e-01,1.753918724908170024e-01,2.430402583895358848e-01,1.562657776784719676e-01
2.118560875085953032e-01,1.843691427030472729e-01,1.678193198271618614e-01,2.649828790239867615e-01,1.709725709372087177e-01
2.277679094991673647e-01,1.804877219088229789e-01,2.271108277516518947e-01,2.012254714930372945e-01,1.634080693473203560e-01
2.495728232587039463e-01,1.713846426629701269e-01,1.972283795641084081e-01,2.223809761595582635e-01,1.594331783546591164e-01
2.507001783764814529e-01,1.924903968944904897e-01,1.830261090714087879e-01,2.224629187814239628e-01,1.513203968761952511e-01
2.699160295855758118e-01,1.617099615377508015e-01,1.851730044374853834e-01,2.215629271433225134e-01,1.616380772958654621e-01
2.608766102389937780e-01,1.848997053422627435e-01,2.190822988107554714e-01,1.965363858757717685e-01,1.386049997322162664e-01
2.564149664031891152e-01,1.514463203394609270e-01,2.468682838932717838e-01,2.174441233892131231e-01,1.278263059748649677e-01
2.657519620678114869e-01,1.353974823750312695e-01,2.576690171802818452e-01,2.296690722585916222e-01,1.115124661182837762e-01
2.935211140474787705e-01,1.482970696249321096e-01,1.629418962186359732e-01,2.716014207541259662e-01,1.236384993548272776e-01
2.798624628798241365e-01,1.734194805896878133e-01,1.721226280961082877e-01,2.043624097175532062e-01,1.702330187168265008e-01
2.927485435949786496e-01,1.374473365025978555e-01,1.397935983025743456e-01,2.685295081370593917e-01,1.614810134627897298e-01
3.069221635842740992e-01,1.113126834120008735e-01,1.827032280937722630e-01,2.022263554380216433e-01,1.968355694719310656e-01
3.030225906541879066e-01,1.541950099965468113e-01,1.547485573258452762e-01,2.115481663476379282e-01,1.764856756757820777e-01
3.186880054150573738e-01,1.169583704127783730e-01,1.646760796324367726e-01,2.166854211694098087e-01,1.829921233703175609e-01
2.711806200826865632e-01,1.255497356814083143e-01,2.504443298217028380e-01,2.067095788156138036e-01,1.461157355985884809e-01
3.193085079458902742e-01,1.671362964970573572e-01,1.882063666410649927e-01,1.780054707531717184e-01,1.473433581628156297e-01
2.908916753528393295e-01,1.677323980607517973e-01,1.766079078056060625e-01,1.972217048606231815e-01,1.675463139201796015e-01
2.423880925053590873e-01,1.826791689842446054e-01,2.289605716218729714e-01,2.130001136691197228e-01,1.329720532194035576e-01
2.628018041379505676e-01,1.677414222775322761e-01,1.976175608474224354e-01,2.375784076745636464e-01,1.342608050625310190e-01
2.586607245279131106e-01,1.705333299427234939e-01,1.915941285829587948e-01,2.647719372728811194e-01,1.144398796735233842e-01
3.009843924771600232e-01,1.657290717882853037e-01,2.144572578748339675e-01,2.049015908369963279e-01,1.139276870227245442e-01
