1.768661156505167142e-01,2.032628350918819771e-01,2.150484228028667899e-01,2.418888942021937272e-01,1.629337322525408749e-01
1.511635592801772732e-01,2.353956676575429119e-01,1.781026917260953857e-01,2.388098427909458588e-01,1.965282385452385150e-01
1.571443691862697556e-01,2.188461374241664203e-01,2.108146390448239482e-01,2.505045926445216287e-01,1.626902617002182749e-01
1.629653848082591727e-01,2.159491218156186221e-01,1.743263325249731488e-01,3.210509050939804321e-01,1.257082557571687353e-01
1.630483924211546809e-01,1.920379274799808578e-01,1.747846468834500233e-01,3.220506792823530917e-01,1.480783539330613185e-01
1.540192390673678080e-01,2.020358474657071024e-01,1.612685324985785040e-01,2.809883707075154224e-01,2.016880102608311909e-01
1.870135820788637326e-01,1.698255049340419987e-01,1.971960207087627703e-01,2.854295927143341016e-01,1.605352995639974800e-01
1.701560735118499978e-01,1.705410543755513098e-01,2.050889552529580329e-01,3.022419208804930646e-01,1.519719959791475949e-01
1.979118588643925258e-01,1.955828612327304705e-01,1.918200752314271895e-01,2.638197329630636023e-01,1.508654717083862395e-01
1.804698411085637888e-01,1.726104721493679772e-01,1.657154621547830831e-01,3.176226072344668916e-01,1.635816173528182038e-01
1.989267962391157440e-01,2.035415705569050271e-01,1.531905302181431339e-01,2.948165257537284645e-01,1.495245772321076583e-01
1.612904063547054012e-01,2.172768193288769356e-01,1.449688004276986075e-01,3.360701565717675310e-01,1.403938173169514969e-01
1.850329940304861476e-01,1.899159055816353470e-01,1.638346399436541312e-01,3.027097239323949251e-01,1.585067365118294491e-01
2.189686505897323332e-01,1.671823024460495077e-01,1.820583491037938706e-01,3.070522829208691129e-01,1.247384149395552727e-01
1.545884582225077741e-01,1.465340575153675495e-01,1.916362455016255018e-01,3.454619980328773043e-01,1.617792407276218980e-01
1.655925555537240967e-01,1.634405686863693308e-01,1.523643180805711872e-01,3.682692960804941351e-01,1.503332615988412779e-01
2.163640200720371720e-01,1.607169078812099305e-01,1.496709266574881847e-01,3.261124761088814439e-01,1.471356692803833799e-01
1.851599516574755355e-01,1.614587598785662270e-01,1.357092655460790387e-01,4.022199495922620938e-01,1.154520733256172438e-01
1.959810448346275269e-01,1.594946160697594539e-01,1.519218239006108750e-01,3.576307329971272209e-01,1.349717821978749788e-01
1.575876847792380131e-01,1.706778139026847163e-01,1.615166240445280454e-01,3.375692320542299507e-01,1.726486452193192189e-01
2.118680805946770995e-01,1.534484440617541190e-01,1.799637531753001674e-01,3.126221391980423259e-01,1.420975829702263160e-01
1.763451242215242076e-01,2.068081571880387437e-01,1.305903981275716719e-01,3.122832923541399297e-01,1.739730281087255304e-01
1.936704911818080133e-01,1.718935390145706898e-01,1.259901061633608710e-01,3.277512760195302466e-01,1.806945876207302348e-01
1.940073496115661544e-01,1.772466845415082981e-01,1.525921180695223589e-01,3.058378261086531769e-01,1.703160216687500117e-01
2.173258853851687267e-01,1.587623210834973597e-01,1.469871384131959391e-01,3.280215769840846840e-01,1.489030781340531517e-01
2.850936273325597736e-01,1.311394793242801893e-01,1.546474425966369026e-01,2.825055882077885938e-01,1.466138625387346517e-01
2.370342935963959952e-01,1.291269821227487569e-01,1.712043736885385248e-01,3.169846988007686273e-01,1.456496517915480682e-01
2.134674519276418270e-01,1.681556562274020006e-01,1.510009590456703465e-01,2.942553938244011902e-01,1.731205389748846080e-01
2.190837775230338180e-01,1.825021109611059678e-01,1.464382778123791695e-01,3.049717734171920047e-01,1.470040602862890122e-01
2.137532067356426313e-01,1.163460338173446101e-01,1.757808069863778522e-01,3.312327183177649070e-01,1.628872341428700132e-01
1.711126806800912226e-01,1.080170004287051982e-01,2.178335815579351131e-01,3.169935286932459295e-01,1.860432086400225504e-01
2.185172148392508229e-01,1.412052138363875664e-01,1.594801713353321548e-01,2.989981222702013941e-01,1.817992777188280618e-01
1.657808773535525138e-01,1.498755702423715253e-01,1.711360137246669966e-01,3.557621960106955861e-01,1.574453426687133784e-01
1.737024492619721749e-01,1.403967004291639675e-01,2.041100347411562432e-01,3.123822437010609909e-01,1.694085718666466234e-01
2.037299054773594742e-01,1.770407175777335418e-01,1.505863821953164761e-01,3.859504750824947483e-01,8.269251966709584289e-02
1.854201769529889299e-01,1.811457303018007559e-01,1.164100921112760506e-01,3.935532560554397818e-01,1.234707445784944402e-01
2.234077919833795944e-01,2.197946096115056258e-01,1.453607611164141611e-01,3.216600836906165495e-01,8.977675359808409694e-02
1.885538075220584697e-01,1.643602687105390758e-01,1.147727487993972645e-01,4.206784301375050550e-01,1.116347448305000239e-01
2.465938172542522511e-01,1.388639092957706656e-01,1.724063573339704447e-01,3.173474208247340500e-01,1.247884952912724638e-01
1.820922364478262667e-01,1.263235789561326927e-01,2.040244392377024429e-01,3.446248424595931836e-01,1.429349028987454140e-01
1.857558307622787785e-01,1.808652589427955371e-01,1.782611086853683746e-01,3.195118466720227035e-01,1.356059549375347728e-01
1.920396010660585795e-01,1.135475795667608701e-01,2.010434203987693236e-01,3.177630638245958483e-01,1.756063351438154063e-01
1.855731316241604201e-01,1.840529747818972495e-01,1.969680021893117916e-01,3.101146100817034901e-01,1.232912813229270071e-01
1.569382291866450452e-01,1.692831799213634081e-01,1.658890793679042019e-01,3.714195559249482970e-01,1.364699555991391589e-01
2.544136097554832721e-01,1.579523513701071857e-01,1.444104478449518558e-01,3.056475517900477668e-01,1.375760392394098641e-01
1.983665597388589719e-01,2.009018494605862848e-01,1.552904903084890154e-01,3.697313776615299696e-01,7.570972283053574448e-02
1.715472596739852362e-01,2.199385808767943540e-01,1.326620978678003937e-01,3.840752146514938015e-01,9.177684692992625626e-02
1.770100516942069158e-01,1.952442571272972327e-01,2.010232741769190923e-01,3.362586284483215504e-01,9.046378855325515334e-02
1.789041274191141007e-01,2.272593740554562369e-01,1.502355828039138030e-01,3.335468929513953351e-01,1.100540227701205520e-01
2.201683606565026652e-01,2.215632709474739948e-01,1.125598879558656479e-01,3.182423577510534174e-01,1.274661226891042332e-01
2.061249311317706057e-01,2.382075200637389090e-01,6.975762952345573864e-02,3.360094812618235616e-01,1.499004380192112129e-01
1.946128399347676063e-01,1.988688655519276205e-01,1.125616464244947462e-01,3.397437065367662767e-01,1.542129415520438196e-01
1.983874625638119837e-01,2.170669349989411134e-01,1.127625177517393024e-01,3.362916271546363411e-01,1.354914575308711344e-01
2.109517572749923242e-01,2.684687242166220456e-01,9.528466678771678466e-02,3.208913436363232119e-01,1.044035080843456059e-01
2.101179280347922063e-01,2.530863888779775750e-01,1.044564858841723481e-01,2.546580981481709749e-01,1.776810990548869651e-01
1.803234978594544513e-01,2.177323802425242816e-01,1.248988789707311808e-01,3.062099933020905884e-01,1.708352496251994701e-01
2.523123301382574901e-01,1.748900706698116314e-01,1.063900455469409811e-01,2.990270943283157568e-01,1.673804593166741683e-01
2.227738016280794431e-01,1.805631659280990953e-01,9.853947911148958072e-02,3.344056507930337485e-01,1.637179025392981047e-01
2.522641564328619301e-01,1.659501573531254881e-01,8.236331540975093402e-02,3.672042016894775940e-01,1.322181691147842064e-01
2.200276911698050564e-01,2.687019163469964167e-01,8.107626272566624548e-02,3.075502215306174514e-01,1.226439082269147191e-01
1.822605507091629162e-01,2.066234137016141892e-01,1.010695279800138818e-01,3.383095829087061635e-01,1.717369247005027799e-01
2.211006374702187693e-01,1.741370570776746285e-01,9.007009012741286347e-02,3.516883918723148206e-01,1.630038234523788487e-01
1.884909946481160559e-01,2.120643029341196251e-01,1.245111519702782055e-01,3.083498332564511002e-01,1.665837171910350967e-01
1.777250952084083735e-01,1.846366187619489230e-01,1.515387017205890030e-01,3.566681380062632911e-01,1.294314463027904094e-01
2.004520069880849908e-01,1.642655157566821345e-01,1.373896136388254585e-01,3.415089955437877189e-01,1.563838680726196417e-01
1.739028088364573121e-01,2.057385058723958937e-01,1.132445568891720655e-01,3.510655885373096807e-01,1.560485398646650479e-01
1.592350013143635779e-01,2.436852408013830684e-01,1.075465068273797065e-01,3.533636433887159534e-01,1.361696076681575829e-01
2.076383447961986928e-01,2.023540011112999193e-01,1.126963433765589273e-01,3.094881315293599444e-01,1.678231791865825717e-01
1.664159991607996325e-01,2.224581640223255719e-01,1.133865616192546721e-01,3.321855397875870253e-01,1.655537354100330982e-01
1.761524250390684720e-01,2.080962204090373580e-01,1.239647647565124966e-01,3.425648792756059158e-01,1.492217105197757576e-01
2.036879520775002617e-01,2.200355395542142878e-01,9.968605746343135732e-02,3.089947616958111376e-01,1.675956892090429973e-01
1.687738390407793887e-01,1.562105031681542133e-01,8.676234193386221649e-02,3.913769698675715336e-01,1.968763459896325785e-01
1.833118119307338423e-01,1.436165703882904821e-01,1.172214731406496097e-01,4.127965731134733418e-01,1.430535714268525993e-01
2.304515063216414361e-01,1.627082820983154765e-01,1.125405400703263920e-01,3.093824120585380033e-01,1.849172594511787060e-01
2.142959309069631391e-01,2.082323895898690047e-01,1.343681266654115358e-01,3.004103342755666817e-01,1.426932185621896665e-01
2.334586964435507450e-01,1.594365572632918671e-01,1.487710802799174503e-01,3.035512225621269655e-01,1.547824434511129166e-01
2.032266789183259648e-01,1.836796683723849466e-01,1.076846419824793316e-01,3.593106262403033546e-01,1.460983844865062498e-01
2.043447440416014116e-01,2.082240543407557209e-01,1.087514645474837449e-01,3.638608583672606200e-01,1.148188787028986135e-01
2.252315090170940726e-01,1.434461513932608623e-01,1.503924837469176323e-01,3.378766236819459312e-01,1.430532321607815571e-01
2.061734142331939357e-01,1.669942983376441203e-01,1.211922198419581875e-01,3.596272747440983353e-01,1.460127928431053379e-01
1.672215464115834882e-01,1.640811991992116303e-01,1.879643510689549546e-01,3.407172273664570428e-01,1.400156759537929674e-01
1.930093212357320009e-01,1.477035624611890696e-01,1.350622316604766227e-01,3.822260180320901091e-01,1.419988666105122532e-01
2.225217641487059750e-01,1.837379354035069412e-01,1.493706074141819551e-01,3.347508142885132210e-01,1.096188787450919633e-01
2.093843323005637747e-01,2.217789595455710583e-01,1.196921252405416247e-01,3.029981728463994051e-01,1.461464100669242483e-01
1.831139379018474067e-01,1.604576156400049081e-01,1.387815562759227572e-01,3.715242679714453877e-01,1.461226222107795403e-01
2.239764749436308489e-01,1.245640054216377857e-01,1.598618838176797396e-01,3.830889754996843477e-01,1.085086603173672087e-01
2.048449166486800421e-01,1.698804308392257711e-01,1.291436446700973129e-01,3.795897324698467856e-01,1.165412753721498940e-01
2.256838240363677750e-01,1.809532077788895965e-01,1.339945334817623235e-01,3.825066092158679321e-01,7.686182548711231743e-02
2.531301016848733765e-01,1.967011442751250838e-01,1.161032749012117227e-01,3.095482480784890744e-01,1.245172310603007981e-01
2.476017930169540360e-01,1.724553309831753922e-01,1.147939740472637971e-01,3.484914627923066943e-01,1.166574391603001221e-01
2.307497040294302637e-01,2.342218019135761387e-01,1.202262652048908115e-01,3.002094733036874130e-01,1.145927555484153870e-01
2.213976448212329751e-01,1.902542019275973162e-01,1.507934794449918015e-01,3.250323484670494256e-01,1.125223253391283984e-01
2.561802595131447147e-01,1.390548779086302755e-01,1.420858410216326306e-01,3.380355292954743129e-01,1.246434922611181356e-01
2.374587138107122630e-01,1.807772983642625120e-01,1.278159516723709199e-01,3.289331436385834473e-01,1.250148925140708300e-01
2.456165036202336005e-01,2.056769382663248824e-01,1.324484070304025596e-01,3.101245192887389646e-01,1.061336317942999929e-01
2.404856722793229096e-01,2.084681262993982320e-01,1.115014595519437934e-01,3.110900546132886468e-01,1.284546872560463626e-01
2.466046599788373206e-01,1.958528233709405098e-01,1.498456686211347422e-01,2.841925786675645882e-01,1.235042693615229781e-01
2.488414914675356471e-01,1.874793357787391812e-01,1.899073383389882352e-01,2.711434804991576519e-01,1.026283539155793678e-01
2.022217774422567504e-01,1.824344748528933802e-01,1.774476687335672098e-01,3.166779430013287322e-01,1.212181359699539274e-01
2.069497620022809903e-01,2.381594501569651023e-01,1.147099709962646902e-01,3.211808090090976786e-01,1.190000078353915247e-01
2.222415899841010123e-01,2.195081413952892080e-01,8.883424964928554601e-02,3.745106129442186127e-01,9.490540602710549611e-02
2.460106446969378136e-01,2.361770680870163286e-01,1.065105367641097089e-01,2.977379450755401336e-01,1.135638053763959598e-01
2.645690502400732669e-01,2.028008948336200712e-01,1.408594405771949887e-01,2.565023810892661515e-01,1.352682332598454940e-01
2.262194575453599643e-01,2.644069601754487353e-01,1.041425020992407385e-01,2.599724907434430854e-01,1.452585894365074348e-01
2.384385813741314586e-01,3.252430151463074348e-01,6.841780611507251864e-02,2.554327792356160254e-01,1.124678181288725765e-01
2.706835354796733317e-01,2.532303173845814603e-01,1.016090719051683661e-01,2.569895332988172965e-01,1.174875419317595454e-01
2.850456596265203979e-01,2.435604237295501961e-01,8.093805744055294904e-02,2.816814894756650700e-01,1.087743697277114424e-01
2.960083790429453576e-01,2.054824149827623181e-01,1.371541778219874941e-01,2.578649068700515912e-01,1.034901212822531835e-01
2.949538054938259379e-01,1.822444834240727618e-01,1.589332062493034325e-01,2.233176061905560450e-01,1.405508986422417950e-01
3.075996566782999153e-01,2.276400366630942640e-01,1.262856626512335600e-01,2.250505777333135227e-01,1.134240662740586686e-01
2.835287886144317593e-01,1.989014510440466621e-01,1.294989256013678036e-01,2.697021693758205885e-01,1.183686653643331588e-01
2.892225771542698554e-01,1.967517226364715599e-01,1.433644213059055983e-01,2.819092648165074655e-01,8.875201408684553483e-02
2.731904621821794055e-01,2.003592132288669614e-01,1.409447474900142883e-01,2.663997517967985340e-01,1.191058253021407831e-01
2.593522157936981043e-01,2.078188829966885198e-01,1.460308019623980935e-01,2.762318674869751467e-01,1.105662317602401495e-01
3.109609723257408809e-01,2.005074383156603690e-01,1.390245051556464884e-01,2.575612140828711927e-01,9.194587012008112459e-02
3.176279203120656036e-01,2.094846381031051363e-01,1.149194691596580886e-01,2.506387391467725934e-01,1.073292332783986891e-01
3.011856418715331829e-01,1.875745679095343621e-01,1.184864869406594551e-01,2.637413555902838325e-01,1.290119476879890426e-01
2.543659954604023388e-01,2.254322372939241981e-01,1.279128269005199436e-01,2.748056768214348633e-01,1.174832635237186146e-01
2.672783236639653115e-01,1.979603701786498693e-01,1.503498838494473355e-01,2.767836058587337944e-01,1.076278164492036893e-01
2.626624513490404267e-01,2.270646856959551430e-01,9.746369492685594271e-02,3.121001189519551078e-01,1.007090490761933799e-01
2.881728520125284021e-01,1.780184401202960232e-01,1.381075182623408559e-01,2.761444899838491063e-01,1.195566996209856403e-01
2.952751571808777675e-01,1.955043514806013849e-01,9.766844556854387127e-02,2.773107054842601227e-01,1.342413402857168814e-01
2.806154816450398548e-01,2.270376169119793508e-01,9.184420434467160943e-02,2.798825858193129679e-01,1.206201112789962726e-01
2.302922426307307535e-01,2.785207607949648501e-01,1.121631561643397501e-01,2.167376065575335464e-01,1.622862338524311276e-01
2.939166261720408957e-01,2.530476252557403161e-01,9.443202347439237643e-02,2.430372447038549044e-01,1.155664803939714380e-01
2.735583874337804700e-01,2.783769131696868238e-01,1.001447875228795997e-01,2.269457601240841005e-01,1.209741517495689506e-01
2.566917548780267566e-01,2.380047460353640343e-01,1.294659827764366722e-01,2.093027446792269930e-01,1.665347716309456272e-01
2.646849692466823334e-01,2.177542599917492716e-01,1.532187356744561801e-01,2.450865613600333726e-01,1.192554737270786896e-01
2.693090213092826923e-01,2.325036567237257490e-01,1.715587657038630254e-01,2.249774927181504847e-01,1.016510635449780486e-01
2.537254378813306732e-01,1.878259166671505109e-01,2.276949817187098879e-01,2.108167872847510893e-01,1.199368764480577554e-01
2.056647815372655841e-01,2.305595977634726235e-01,1.914852688448163143e-01,2.517376255206368874e-01,1.205527263338087435e-01
2.362257911504145325e-01,2.639182972642449831e-01,1.673531156048219670e-01,2.493805567326719264e-01,8.312223924784653550e-02
2.482621955086758425e-01,2.328786036656406710e-01,1.741021847518573751e-01,2.720496556011302580e-01,7.270736047269592273e-02
2.292704060590925741e-01,2.236431566815163252e-01,1.840833322397160132e-01,2.901085324705436341e-01,7.289457254913152273e-02
2.056333585832233191e-01,2.704037244435378295e-01,1.583133219226490751e-01,2.440433489889227980e-01,1.216062460616669366e-01
2.647501705765321067e-01,2.007138009733986650e-01,1.425078072199733037e-01,3.350787132148710379e-01,5.694950801522485895e-02
2.453039543435500958e-01,2.353578448821674329e-01,1.428162362912283601e-01,3.253344319431741849e-01,5.118753253987987778e-02
1.997961003889804632e-01,1.747123168626549261e-01,1.806474352098298430e-01,3.599730518021502790e-01,8.487109573638451643e-02
1.976123101476487121e-01,1.887726143691338121e-01,1.777869422631471741e-01,3.635052549458263615e-01,7.232287827424395410e-02
2.007269283748543409e-01,1.962809275199434156e-01,1.582945613395267404e-01,3.429227543757087382e-01,1.017748283899667372e-01
2.384058403624422506e-01,1.790380601846900122e-01,1.423119875271852963e-01,3.575760856493260254e-01,8.266802627635644329e-02
2.522827720618989189e-01,1.813678240404408004e-01,1.336178638337871816e-01,3.489871966449527019e-01,8.374434341892059153e-02
1.879936204829668056e-01,1.986186997491239115e-01,1.559570544368467648e-01,3.424159892218597845e-01,1.150146361092027891e-01
2.401625692872194073e-01,1.611030810320623063e-01,1.651163392961708665e-01,3.176015554795616480e-01,1.160164549049857163e-01
2.551214448328066320e-01,1.297704269398058108e-01,1.816419513138353425e-01,3.372854039461481435e-01,9.618077296740412674e-02
2.374713310399617916e-01,1.545644713427073713e-01,1.385478390450998742e-01,3.914297685068735544e-01,7.798659006535731131e-02
2.107864965148172898e-01,1.735917922673313463e-01,1.206956429529339736e-01,3.809354464203407176e-01,1.139906218445766728e-01
2.355002211594945383e-01,1.456756905496958965e-01,1.495951891019090818e-01,3.573067685663874338e-01,1.119221306225130635e-01
1.949636248186507048e-01,2.071367060152859152e-01,1.216633445667860414e-01,4.041870246559431390e-01,7.204929994333413024e-02
2.549696222480449803e-01,1.388475848211138952e-01,1.325794766274676628e-01,3.884371084477779013e-01,8.516620785559550488e-02
2.125365072850100012e-01,1.909590894591057797e-01,1.701574407426570401e-01,3.388768244347443170e-01,8.747013807848286193e-02
1.949546207893483596e-01,1.735646351351359529e-01,1.396192343984122564e-01,3.901546063361067129e-01,1.017069033409966905e-01
1.977342959973600045e-01,2.060366123136958272e-01,1.511158124082017662e-01,3.689050011612212132e-01,7.620827811952121666e-02
2.479501434089741441e-01,1.759031741493853884e-01,1.547052339677778832e-01,3.307357754404259831e-01,9.070567303343655963e-02
2.472990816117124624e-01,1.667770955502186625e-01,1.382051433717222944e-01,3.098919311786180186e-01,1.378267482877286176e-01
2.251833253491030695e-01,1.277977452334314867e-01,1.643013252061375773e-01,3.647191907941182976e-01,1.179984134172095966e-01
1.814620342228236705e-01,1.740581867836321905e-01,1.444436474613362553e-01,3.561532055551884790e-01,1.438829259770194879e-01
2.735866689267116847e-01,1.524056040566417747e-01,1.663727440013750281e-01,3.249973675628450298e-01,8.263761545242648276e-02
2.764039268982488862e-01,1.662255352571690437e-01,1.647377661704666763e-01,2.853358887086146489e-01,1.072968829655007172e-01
2.498486373843187280e-01,1.445920684094282316e-01,1.470714788627021374e-01,3.551453904279667229e-01,1.033424249155840691e-01
2.676002312441111419e-01,1.824458683000814707e-01,1.111734552308689672e-01,3.468751290895459305e-01,9.190531613539253131e-02
2.057394476535108485e-01,1.757125841012079082e-01,1.373092533220512390e-01,3.506747966084837742e-01,1.305639183147462856e-01
2.153792132648631730e-01,2.121639368558476124e-01,1.198623831085800784e-01,3.063353942928079277e-01,1.462590724779012363e-01
2.069600466921617254e-01,1.819824942678020807e-01,1.147517241408992639e-01,3.418860189811552264e-01,1.544197159179815926e-01
1.921846001287894068e-01,1.872147978593172168e-01,1.334707641500419151e-01,3.499595234334982319e-01,1.371703144283533127e-01
1.470901938244077445e-01,2.361251810199482826e-01,1.245711281869329307e-01,3.264170936944053025e-01,1.657964032743057259e-01
1.580443537201067228e-01,2.147967407048499144e-01,1.530175905194633978e-01,3.672559080940773768e-01,1.068854069615025881e-01
2.160817500026290805e-01,1.933310971691415414e-01,1.290269798818472480e-01,3.460020312440195700e-01,1.155581417023626850e-01
1.835064860849652812e-01,2.242124373358991840e-01,1.609000494107615808e-01,2.940647268823092797e-01,1.373163002860647297e-01
1.887091708609194840e-01,2.337883961516532272e-01,1.391598709037289439e-01,3.086176736063901971e-01,1.297248884773080646e-01
2.125447052610831000e-01,2.181421800984852388e-01,1.616215639423456418e-01,3.225105969291754415e-01,8.518095376891042514e-02
2.281020910680377212e-01,1.749805440271946511e-01,1.560670107836068243e-01,3.643689831096165732e-01,7.648137101154431350e-02
1.948308463296358761e-01,1.801951591683003118e-01,1.765528028784756343e-01,3.485832447783148713e-01,9.983794684527332042e-02
1.620994915506503709e-01,1.939571863394221607e-01,1.243163614907832754e-01,4.052140805609646401e-01,1.144128800581796362e-01
1.402916088512677351e-01,2.226472046747548783e-01,1.375706277585682369e-01,3.987998102752127738e-01,1.006907484401963065e-01
2.042107260484760656e-01,1.958858224165693496e-01,9.120112280257404447e-02,3.903275989442834271e-01,1.183747297880970994e-01
1.882741444687242305e-01,2.046502550133556253e-01,1.103729533317096417e-01,4.028037733074723570e-01,9.389887387873810387e-02
1.507336254593491243e-01,2.595189098818607709e-01,1.163271138767525276e-01,3.793054258674242729e-01,9.411492491461327659e-02
2.377093012899864910e-01,1.873618944916933537e-01,1.128943072831407601e-01,3.793322326129705546e-01,8.270226432220882662e-02
1.381040328227446101e-01,2.547780561899034568e-01,1.404269811290225212e-01,3.753980813345635936e-01,9.129284852376562398e-02
1.463589936284046822e-01,2.771742190125929262e-01,1.369366474126927080e-01,3.521050346675413945e-01,8.742510527876824755e-02
1.111459749447663986e-01,2.429852208063401353e-01,1.348769418175163048e-01,4.024169779778981049e-01,1.085748844534790702e-01
1.262416342246810430e-01,2.307843665132085775e-01,1.680102809596319136e-01,3.836039569257493898e-01,9.135976137672902064e-02
1.368694679820193771e-01,2.007500406305020024e-01,1.099859118633503136e-01,4.642028939579687652e-01,8.819168556615958332e-02
1.637672268984298463e-01,1.893989462056823447e-01,1.027681886938637684e-01,4.190131733645641177e-01,1.250524648374598535e-01
1.340496068795381801e-01,2.371583745099517249e-01,1.318940829275157267e-01,3.734800436665464130e-01,1.234178920164480248e-01
8.202038068853538533e-02,2.556862586207780952e-01,9.414335748139086857e-02,4.207493215068290326e-01,1.474006817024666738e-01
9.134011671810757238e-02,2.261914859582888904e-01,1.162906821320026513e-01,4.700135589316618012e-01,9.616415625993914029e-02
9.526764410399099492e-02,2.150551339569136411e-01,1.054006763631895049e-01,4.933147931596412183e-01,9.096175241626455743e-02
8.626513462205595562e-02,1.945408258543849522e-01,1.060262752414306980e-01,4.619199887256979498e-01,1.512477755564304305e-01
1.243236385232766028e-01,2.551935867457014173e-01,1.036592725636094753e-01,3.663919264578808788e-01,1.504315757095316675e-01
1.255367699521825475e-01,2.056949527488693419e-01,1.227776766646561796e-01,3.759165178657591921e-01,1.700740827685327805e-01
1.339036629972747972e-01,2.094211034408558492e-01,1.092207732646484214e-01,3.627570201930877536e-01,1.846974401041331648e-01
1.502973202062632130e-01,1.921746601153745126e-01,1.230618043197159173e-01,3.797005679381061927e-01,1.547656474205401644e-01
1.469874151024229969e-01,2.239329414666385298e-01,7.124478628438800365e-02,4.156553954363229608e-01,1.421794617102274949e-01
2.088039530428766055e-01,1.568037993981310774e-01,1.027284879166617260e-01,4.035823660507247279e-01,1.280813935916059187e-01
1.595638641280388292e-01,1.709674524610853563e-01,1.083692115550960594e-01,4.461573178468461465e-01,1.149421540089336641e-01
1.767055753719889433e-01,1.984217688760795406e-01,8.153540174996976031e-02,4.338490097261462619e-01,1.094882442758155494e-01
1.913431245544736647e-01,1.773410882064880567e-01,1.241884597776006932e-01,4.076569710803113478e-01,9.947035638112627920e-02
2.111096334818387543e-01,2.085981256342892276e-01,1.181874016559136681e-01,3.648879927418742786e-01,9.721684648608407142e-02
1.637562314653120132e-01,2.155444935492564218e-01,1.530513519502627318e-01,3.678977496885739717e-01,9.975017334659491697e-02
1.559111264177329426e-01,2.406587111501378717e-01,9.299551508504164121e-02,4.057037721282867881e-01,1.047308752188008812e-01
1.747824280803419172e-01,2.212268130983483516e-01,1.330479164290750138e-01,3.829510737078819504e-01,8.799176868435272525e-02
1.602685439313182858e-01,2.292290663842615206e-01,1.394669138175907985e-01,3.984143213849298815e-01,7.262115448189952749e-02
2.013016655988049963e-01,1.850009088818936054e-01,1.403519888093939239e-01,3.891285973745753357e-01,8.421683933533224975e-02
1.597595037163013765e-01,1.547414231728219680e-01,1.731743295946153727e-01,4.137612952404630673e-01,9.856344827579829881e-02
1.618459878067808333e-01,1.697129699505358913e-01,1.614800741452466493e-01,4.145247207677678070e-01,9.243624732966868041e-02
1.309682944034545604e-01,1.709201236211364272e-01,1.692336302822966820e-01,4.634482948232844235e-01,6.542965686982797624e-02
1.552601029298319169e-01,1.861800358925701782e-01,1.648173603602595683e-01,4.231188868897314270e-01,7.062361392760685419e-02
1.343122171529553821e-01,1.937092097982531236e-01,1.913616872194897622e-01,4.165318089395006473e-01,6.408507688980098760e-02
1.674700319860093212e-01,1.704335442217355112e-01,2.353193951244506588e-01,3.695545056586440613e-01,5.722252300916053774e-02
1.633773461953787476e-01,1.992474275053619515e-01,1.939077745866208125e-01,3.800849550047740166e-01,6.338249670786444412e-02
1.209985659942562075e-01,2.194929151052073257e-01,2.009251708405896675e-01,3.937117662133312601e-01,6.487158184661549754e-02
1.280663928243521432e-01,1.939462368029663542e-01,2.197092878914326530e-01,3.591617293298449698e-01,9.911635315140383817e-02
8.607130934225099006e-02,2.231158886029145083e-01,2.135755398641553116e-01,4.068157720316473713e-01,7.042149015903181875e-02
1.268615381278958287e-01,2.044375469950818480e-01,1.594850023682054807e-01,4.276540024380132698e-01,8.156191007080353106e-02
1.360241976385395124e-01,2.231644680245043755e-01,2.070652441259414889e-01,3.144017472015328551e-01,1.193443430094817959e-01
1.431434569151021630e-01,2.175320768183497677e-01,1.491706353739276070e-01,3.650156659122750225e-01,1.251381649803454676e-01
1.452177290293707179e-01,2.606147519052061101e-01,1.209669520511588298e-01,3.795921951559112495e-01,9.360837185835307883e-02
1.310584379700137359e-01,2.985982668102392656e-01,8.224213964428012114e-02,3.728028060471598182e-01,1.152983495283071702e-01
1.420436905553663642e-01,2.881635954094989849e-01,7.895653204632500921e-02,3.449358150975770920e-01,1.459003668912324803e-01
1.591530129367837998e-01,2.834682762569370462e-01,8.933937458059539038e-02,3.311806515899407555e-01,1.368586846357429943e-01
1.501681669988714218e-01,2.938592868722894602e-01,1.273556100631761112e-01,2.924935693109064205e-01,1.361233667547565584e-01
1.643078221960264651e-01,2.718776569970293711e-01,8.168292375022399854e-02,3.546557408501807562e-01,1.274758562065393674e-01
1.591936266469121120e-01,2.758936331297319744e-01,9.529518186587966622e-02,3.639830802943070931e-01,1.056344780631690988e-01
1.559560198742243331e-01,2.858936228876599039e-01,1.231751978260125363e-01,3.021157542841557131e-01,1.328594051279475274e-01
1.523793774750237251e-01,2.621534698328392143e-01,7.233601949252618790e-02,3.958387240536984653e-01,1.172924091459124352e-01
1.806039723836753152e-01,2.586969842293099786e-01,1.099796132804179288e-01,3.254916443693223194e-01,1.252277857372743886e-01
2.018604686209672927e-01,2.547523669468145235e-01,8.282169330999537837e-02,3.306256122869243308e-01,1.299398588352985717e-01
1.954024822831228747e-01,2.048521641151967998e-01,8.371838036449791298e-02,3.601903628862537787e-01,1.558366103509286060e-01
1.455456440116953687e-01,2.406643809776818632e-01,9.877743348023727832e-02,3.878801351544702847e-01,1.271324063759152467e-01
1.614001670195775728e-01,2.550656882792852187e-01,1.375768713339347860e-01,3.453043202426799296e-01,1.006529531245225761e-01
1.121912470271838463e-01,2.781458371170636434e-01,1.461870919977470706e-01,3.246419012410292626e-01,1.388339226169762464e-01
1.453914004692834772e-01,2.118594726345789658e-01,1.194454751357775096e-01,3.712334323063000707e-01,1.520702194540598795e-01
1.246266296942708379e-01,2.468819200991840546e-01,1.284616122148911632e-01,3.311381342708972220e-01,1.688917037207566807e-01
1.304171709889097031e-01,2.176635102057936921e-01,1.641999435816078878e-01,3.143568947894015975e-01,1.733624804342871750e-01
1.594055967832720411e-01,2.603253616453923835e-01,1.178183480831374447e-01,3.061754806042089605e-01,1.562752128839890731e-01
1.330117165894086628e-01,2.480485307340306034e-01,1.313169001207459274e-01,3.599581028462986443e-01,1.276647497095161066e-01
1.897580224964575402e-01,2.401923998388702797e-01,1.110726894210842530e-01,3.205742517155094617e-01,1.384026365280784654e-01
1.284038810295909938e-01,2.921775386470203961e-01,1.231567315403294116e-01,3.088221156111242705e-01,1.474397331719350113e-01
1.528394328786038814e-01,2.671028562083749280e-01,1.135158706897532038e-01,3.340714101274916970e-01,1.324704300957761927e-01
1.585692691087897954e-01,2.393619782118023009e-01,1.300859406303751797e-01,3.214523411665752284e-01,1.505304708824575788e-01
1.756463216511802983e-01,3.094676085337619842e-01,1.150011684888105901e-01,3.017168301767525485e-01,9.816807114949457902e-02
1.393134111396171770e-01,3.258286574963558668e-01,1.163669235511091554e-01,2.996962599630330071e-01,1.187947478498849047e-01
1.414942797634497207e-01,2.607890212667815510e-01,1.115742277638496066e-01,3.599542659784617515e-01,1.261882052274573562e-01
1.537000129079169608e-01,2.370778574824476959e-01,1.117748032958207627e-01,3.961564712114597486e-01,1.012908551023548320e-01
1.768144082542329742e-01,2.618483086417970895e-01,9.927141169568913515e-02,3.556836336561118861e-01,1.063822377521690954e-01
2.017724975189348902e-01,2.209193891102504137e-01,1.356857015658469168e-01,3.210813139070479716e-01,1.205410978979197523e-01
1.934930952737113352e-01,2.436356947798439809e-01,1.465476224730956623e-01,2.958957009068930999e-01,1.204278865664557691e-01
2.523625404991109988e-01,2.231241832419111337e-01,1.435904343017994078e-01,2.952805128779059096e-01,8.564232907927257776e-02
2.938780300355235409e-01,2.071559260828017279e-01,1.338781492665558903e-01,2.809391085208968186e-01,8.414878609422192512e-02
2.409627525720035857e-01,2.555473509557876777e-01,1.188453684843969183e-01,2.654755073959215728e-01,1.191690205918903428e-01
2.261775796604318933e-01,2.437907911912243208e-01,1.259652101063130636e-01,2.972396471461750678e-01,1.068267718958555434e-01
3.072646868902947359e-01,2.077795897401594760e-01,8.009326905365905802e-02,2.856321195863412155e-01,1.192303347295455840e-01
2.588056224585924547e-01,2.301419793356339893e-01,9.245320269282063241e-02,3.337378316213353013e-01,8.486136389161763605e-02
2.264768788697073543e-01,2.298322223918038421e-01,1.206131745381370662e-01,3.449327263002492927e-01,7.814499790010248637e-02
2.368394351600797976e-01,2.233396314950093775e-01,8.523380388051116086e-02,3.214374768785719372e-01,1.331496525858276991e-01
2.311531455099793686e-01,2.239466789575048911e-01,8.751566528963879155e-02,3.411444926422365631e-01,1.162400176006404134e-01
2.039512331163112202e-01,2.318340037690386490e-01,6.385300970148841126e-02,3.751892565095825138e-01,1.251724969035792889e-01
2.263389815292225216e-01,1.521190576743849943e-01,5.223235327184832383e-02,4.023589106532967641e-01,1.669506968712473061e-01
2.068385129970398417e-01,2.022578144385926424e-01,7.871503751926625658e-02,3.417321154597850463e-01,1.704565195853161574e-01
2.419547683221486278e-01,2.117103689173711889e-01,7.997422014071395302e-02,2.835271707000734942e-01,1.828334719196927360e-01
2.641099972706610344e-01,1.885755401763154204e-01,9.866916447624451969e-02,2.944993608207145397e-01,1.541459372560645413e-01
2.399273513425159432e-01,1.528722002404775959e-01,8.495644572155214291e-02,3.821332451365312410e-01,1.401107575589230492e-01
2.143613996798976740e-01,1.539886947957762597e-01,1.588414024514781808e-01,3.509104772004457695e-01,1.218980258724020049e-01
2.180316580895127199e-01,1.680863877531925676e-01,1.141123717149671452e-01,4.008725518204498961e-01,9.889703062187769900e-02
2.625489774774968366e-01,1.815665900732889582e-01,1.152785777134267831e-01,3.386957496587145733e-01,1.019101050770728489e-01
2.596640946099167402e-01,2.343330108031739245e-01,7.824992101904605646e-02,2.845605712130636622e-01,1.431924023547996028e-01
2.345882488902687746e-01,2.108335192293285809e-01,1.003784422486460465e-01,3.572814424536138733e-01,9.691834717814276634e-02
2.215141982371646168e-01,2.249376811249841346e-01,1.052841006482900105e-01,3.606730269506338016e-01,8.759099303892761701e-02
2.644363377458563980e-01,1.864710211462675682e-01,9.918340829088363730e-02,3.456574972316007743e-01,1.042517355853915390e-01
2.758478889636746811e-01,2.062186184173263603e-01,8.847303711782052160e-02,3.266415135062691322e-01,1.028189419949092909e-01
2.125839008760811166e-01,2.069090389008109154e-01,1.234971395499594032e-01,3.322138716137763570e-01,1.247960490593722077e-01
2.477823870455322930e-01,1.930302263708275623e-01,1.049096942485374523e-01,3.649218819864904484e-01,8.935581034861225791e-02
2.722820151382643883e-01,1.895406840766197254e-01,8.738911110350269795e-02,3.555453400598675984e-01,9.524284962174545122e-02
2.445230034087558513e-01,1.744542629993353078e-01,1.047878251883328088e-01,3.868093555697439401e-01,8.942555283383207820e-02
2.252758383196965808e-01,1.220632758322775235e-01,1.129043320085905272e-01,4.235605678891091741e-01,1.161959859503263054e-01
2.294957075680650049e-01,1.498467461315720894e-01,1.218695286853922338e-01,4.058543871895473609e-01,9.293363042542331087e-02
2.471340852877239314e-01,1.878487087419477009e-01,1.042692252696552774e-01,3.539591671600049727e-01,1.067888135406681455e-01
2.156438726950747620e-01,2.376153334615447865e-01,1.077489610302293649e-01,3.065653544289876908e-01,1.324264783841634097e-01
2.064859410127878325e-01,2.267335213018009943e-01,1.150312302863742281e-01,3.572286729044284459e-01,9.452063449460834654e-02
2.043832842014512152e-01,2.252579890828264320e-01,1.587521466025471895e-01,2.982070492538408946e-01,1.133995308593342133e-01
1.932084045923628535e-01,1.751525815071543202e-01,1.291684693370994119e-01,3.810563572284546563e-01,1.214141873349288553e-01
2.253779979625613883e-01,1.347698140442080972e-01,1.288217430853736689e-01,3.543500100814152010e-01,1.566804348264417002e-01
2.341668259670812158e-01,1.781457887350653135e-01,1.304893329156912862e-01,3.363796571227848364e-01,1.208183952593774313e-01
2.506018144203813747e-01,1.890414219063408785e-01,1.267982922126419387e-01,3.263953586594713352e-01,1.071631128011644313e-01
2.061730368700617766e-01,1.895679700920659960e-01,1.767552689200060367e-01,3.229963031272169993e-01,1.045074209906493162e-01
2.206305330813265464e-01,1.884071319997202842e-01,1.572483946593820070e-01,3.352288069633495016e-01,9.848513329622166079e-02
2.923731136243408191e-01,1.667595248176421407e-01,1.376929745020220863e-01,2.937278159886763662e-01,1.094465710673186432e-01
3.006320648584009936e-01,1.440792893446722900e-01,1.459080467827315875e-01,2.974064137894149584e-01,1.119741852247801150e-01
2.506454654127044379e-01,1.859573535950238554e-01,1.445094413756107254e-01,3.312135097673211681e-01,8.767422984933991026e-02
2.143677766360371495e-01,2.009038132952573330e-01,1.049467508286984069e-01,4.248747270609316007e-01,5.490693217907541973e-02
2.479297387552164000e-01,1.442664090728773552e-01,1.527134528974007643e-01,3.931186096443648470e-01,6.197178963014068204e-02
2.391476164252591130e-01,1.806385717476720609e-01,1.143283630816065988e-01,4.054717739904953877e-01,6.041367475496674938e-02
2.508911713585218473e-01,1.980678046348265109e-01,1.197637084043478989e-01,3.684063296343894622e-01,6.287098596791433625e-02
2.593735669670284016e-01,2.155951736944923536e-01,1.556851082491741978e-01,2.974882257490235604e-01,7.185792534028151435e-02
2.142786053161644666e-01,1.720680061449513243e-01,1.383703558307691484e-01,3.576805563905094409e-01,1.176024763176056059e-01
2.333002710395264967e-01,1.977362927069708232e-01,1.476451888452074146e-01,3.552016596928170289e-01,6.611658771547808400e-02
2.021806718610868192e-01,1.605136923125730919e-01,2.176775530025054917e-01,3.219122681602923919e-01,9.771581466354233025e-02
2.632263863455441277e-01,2.241326022648137406e-01,1.223394728965594425e-01,3.176596279768817976e-01,7.264191051620089157e-02
2.489247354792160083e-01,2.004818763707505169e-01,1.494867437199453586e-01,3.296812310440309091e-01,7.142541338605720713e-02
2.428495611903582763e-01,1.768787986752193842e-01,1.417123189958548191e-01,3.714042431788662224e-01,6.715507795970138138e-02
2.763021908200016807e-01,1.675556701549562599e-01,1.142553273642147871e-01,3.434219256619546190e-01,9.846488599887259774e-02
2.621362452735376269e-01,2.104142448182527159e-01,1.208316801307013494e-01,3.314376280219709092e-01,7.518020175553734308e-02
2.189553584233704664e-01,1.975872294129364937e-01,1.373347963972397778e-01,3.454812801927897858e-01,1.006413355736635179e-01
2.497365413821945046e-01,1.977002250423745833e-01,1.662733268927700514e-01,3.114751979352317623e-01,7.481470874742918165e-02
2.921361995312684590e-01,1.667760080896109331e-01,1.364884514060807352e-01,3.463485085074746728e-01,5.825083246556517214e-02
2.829694093711122016e-01,1.593125453488580812e-01,1.467408698197660843e-01,3.633440569626587568e-01,4.763311849760486910e-02
2.482619167417619843e-01,1.375524873950592364e-01,1.548971830044457154e-01,3.954067405538073676e-01,6.388167230492573789e-02
2.282687077933270026e-01,1.739666469278318695e-01,1.463961606647135594e-01,3.559798105197987672e-01,9.538867409432884303e-02
1.696094887069844459e-01,2.103531900372328511e-01,1.664499556772619793e-01,3.288844857854407167e-01,1.247028797930799793e-01
2.050581504766428587e-01,2.194605825671261667e-01,1.389305860013775873e-01,3.232875197568074732e-01,1.132631611980459557e-01
2.828587433224915570e-01,2.142819059375428992e-01,1.508534587248248349e-01,2.804184861042934296e-01,7.158740591084732097e-02
2.847083620879071741e-01,1.795631624737382415e-01,1.618487465731699715e-01,2.891696286459835563e-01,8.471010021920115374e-02
2.246471631878474706e-01,1.708227522404115462e-01,1.808927638332452348e-01,3.360700344589500066e-01,8.756728627954574184e-02
2.711419627851671121e-01,2.329416714458775184e-01,1.581068462716108680e-01,2.379471107414009301e-01,9.986240875594352973e-02
2.204823784913048368e-01,2.401757807428233360e-01,1.480659652202179488e-01,2.879520143819678246e-01,1.033238611636860399e-01
2.203502099433944650e-01,2.044596666656822159e-01,1.427905197871499610e-01,2.926084832791434054e-01,1.397911203246299805e-01
1.997715099700524133e-01,2.406080788907707657e-01,1.161999864793673287e-01,3.354367710230100608e-01,1.079836536367996119e-01
2.031363643530799401e-01,2.249317679675870985e-01,1.066352851451945194e-01,3.263928145384198953e-01,1.389037679957185745e-01
