2.219203927014520572e-01,1.368214752624831998e-01,2.132511866919828969e-01,1.759028464494511723e-01,2.521040988946307015e-01
2.687643457784037460e-01,1.732365636882454707e-01,1.805320777808513966e-01,1.804403394945585104e-01,1.970266732579409041e-01
2.489471363830156048e-01,2.231060935253849076e-01,1.933303295634397900e-01,2.121789304964932787e-01,1.224375100316664466e-01
2.951746844640685818e-01,1.665273177764539092e-01,1.944643910965235256e-01,2.429916584521058520e-01,1.008419482108482146e-01
2.844057575776079982e-01,1.986107708019626827e-01,1.207966750936198264e-01,2.276900008919583995e-01,1.684967956348510376e-01
2.149497541418302904e-01,1.996521860394867565e-01,1.618435862911146716e-01,2.313083965044032686e-01,1.922460770231650407e-01
2.539326185106431377e-01,2.064379993587096007e-01,1.751331030825645507e-01,2.329158305061956313e-01,1.315804485418870240e-01
2.332496671417523537e-01,2.447083310529011846e-01,1.672718792863677750e-01,2.095054085730010118e-01,1.452647139459775916e-01
2.796638676206588681e-01,2.137258202528048434e-01,1.944921843204011624e-01,1.963011395372857015e-01,1.158169882688493135e-01
1.796633335824371347e-01,2.679587385680918254e-01,1.818342026486483021e-01,2.194457162152051444e-01,1.510980089856175379e-01
1.932553617716781802e-01,2.262231635725900636e-01,2.136413344501784106e-01,2.359327247660494009e-01,1.309474154395040002e-01
2.079218232714191983e-01,1.975697536406056665e-01,2.180742199305862605e-01,2.448645043100595164e-01,1.315696988473294138e-01
1.721773618197837696e-01,2.158612626922558619e-01,2.508646010893271772e-01,2.291522230877649502e-01,1.319445513108682411e-01
1.794214298150699771e-01,2.454574635097068191e-01,2.260460942429978193e-01,2.558333138292487874e-01,9.324169860297661094e-02
1.296804405234658064e-01,2.040905443803044950e-01,2.074866941031171252e-01,2.897152952401991777e-01,1.690270257529133957e-01
1.827339011851035755e-01,1.989206449798477661e-01,1.662969516466124009e-01,2.629271459388408116e-01,1.891213562495954459e-01
1.429874287633793317e-01,1.852075779790218202e-01,1.966310308548088193e-01,2.851492640889608521e-01,1.900246983138292878e-01
1.664184461729814879e-01,1.308185699405931546e-01,2.217237275983060252e-01,3.420033374262325121e-01,1.390359188618868480e-01
1.619609826317020551e-01,1.498325062842524313e-01,2.538860497105285274e-01,2.688803330944795622e-01,1.654401282790373406e-01
1.951841343551528329e-01,1.596358244112715541e-01,1.833987765392818547e-01,2.836759219092275242e-01,1.781053427850662341e-01
2.128553642988315064e-01,1.368553949152107596e-01,1.588969821803841997e-01,3.430328812537013494e-01,1.483593773518720738e-01
1.658597088020871968e-01,1.222744434623638521e-01,2.107925749527908010e-01,2.855979324989214030e-01,2.154753402838367193e-01
1.681951655861932404e-01,1.196409539713328279e-01,1.607942869359210158e-01,3.372558221311985904e-01,2.141137713753543392e-01
1.661551569614248824e-01,1.871360921822132484e-01,1.928938093532107101e-01,2.897797727357863118e-01,1.640351687673648751e-01
1.271833708305627197e-01,1.294061985262139336e-01,2.088175620541207478e-01,3.154444551495489413e-01,2.191484134395535743e-01
1.030365560000048447e-01,1.600586051733161597e-01,2.069184536812992692e-01,3.197961035529335860e-01,2.101902815924462375e-01
1.464159229777083071e-01,1.728744425420763176e-01,1.829468628440215350e-01,3.263980004841011140e-01,1.713647711520927819e-01
1.161942374062052835e-01,2.096955759707767597e-01,1.875188343811269587e-01,2.782513721114273086e-01,2.083399801304636201e-01
1.021607153201246482e-01,2.158230063329825976e-01,1.507194381932543681e-01,3.318876800437769448e-01,1.994091601098615385e-01
1.309994546231733614e-01,2.166765285728844415e-01,1.607698953280374266e-01,3.178623409268638844e-01,1.736917805490409694e-01
1.097592305083133352e-01,2.821931855109311438e-01,1.353329587830358338e-01,3.198665636157763115e-01,1.528480615819434452e-01
1.724429747316401917e-01,1.993582129268292036e-01,1.723620252587091950e-01,3.005630647326939520e-01,1.552737223501274577e-01
1.422267464298738737e-01,2.469992557490995888e-01,1.594144476368429542e-01,3.014400546584044549e-01,1.499194955257791839e-01
1.312006077774384161e-01,2.044881302614225682e-01,2.227229822097954726e-01,2.607174172804262446e-01,1.808708624709172152e-01
1.027236593958045646e-01,1.697980268432744966e-01,2.669472289294589906e-01,3.123861766550166119e-01,1.481449081764454334e-01
1.150324241526380076e-01,2.282909244184387898e-01,2.460646624437027585e-01,2.889069254001995213e-01,1.217050635850209783e-01
1.578267896766237521e-01,2.585020208688808552e-01,1.822217592677677911e-01,2.705854778450051401e-01,1.308639523417226280e-01
1.413089059774647605e-01,2.052236423321764092e-01,2.234293907193292683e-01,2.878386542506535251e-01,1.421994067203761203e-01
8.426848305976390729e-02,2.977557481135991169e-01,2.308434291050689424e-01,2.632114451211811645e-01,1.239208946003868550e-01
9.913904559578791409e-02,2.725867095404074791e-01,2.308856800258015929e-01,2.876688535207779784e-01,1.097197113172250771e-01
1.534017961809381880e-01,2.177173381652736661e-01,1.848949244849052709e-01,2.331388332725621571e-01,2.108471078963208289e-01
1.652269179190338777e-01,1.949344537595964211e-01,2.762820489913622723e-01,2.277374596582842914e-01,1.358191196717230820e-01
1.259367036692631836e-01,2.225873459653344433e-01,1.994785701675361456e-01,2.802116895978012390e-01,1.717856906000650719e-01
1.237958190522275986e-01,2.028828179171501822e-01,2.221582106359776820e-01,2.782776291415974268e-01,1.728855232530470132e-01
1.295298229666913825e-01,2.383111755510458341e-01,1.722610559835892896e-01,2.731360051851539072e-01,1.867619403135196143e-01
1.217663788245064993e-01,2.258669921493287047e-01,2.764006390647895106e-01,2.210858965965410150e-01,1.548800933648342149e-01
1.594857229514506647e-01,1.935320292000353160e-01,2.275414852954193989e-01,2.241060578676898063e-01,1.953347046854047864e-01
1.091237886353706721e-01,2.419591953388989802e-01,2.528544015411751666e-01,2.013063771906963284e-01,1.947562372938587971e-01
1.172616528915763762e-01,2.540166715032617373e-01,2.263276876548537819e-01,1.904465251079547616e-01,2.119474628423534401e-01
1.363001692350128968e-01,2.332850746339773240e-01,2.621732059086668287e-01,1.855332457622966003e-01,1.827083044600462669e-01
1.296976611839628646e-01,2.490474491903757193e-01,2.364198191966218054e-01,2.029217251943406519e-01,1.819133452346989588e-01
1.107428531711282665e-01,1.786756208947360980e-01,2.831796289441631531e-01,2.336689121061382712e-01,1.937329848838341972e-01
1.456942841523732601e-01,2.023017048670029128e-01,2.895794760862175354e-01,2.190746015102183475e-01,1.433499333841879719e-01
1.185169978827962656e-01,2.278269446641902896e-01,2.414669372711336914e-01,1.945318959692352578e-01,2.176572242126444956e-01
1.231301948883128800e-01,1.602457683732998739e-01,2.480044918883587690e-01,2.751464615367411048e-01,1.934730833132873307e-01
1.506928579019407854e-01,2.322301967697415481e-01,1.897162102499299063e-01,2.431658350959017834e-01,1.841948999824860878e-01
1.200104476384477453e-01,2.488031749508111123e-01,2.021941499870834880e-01,2.537213366771710610e-01,1.752708907464866628e-01
1.381207761047579807e-01,1.838754577471331808e-01,2.017412587447054706e-01,2.962304528852450214e-01,1.800320545181582355e-01
1.583791659110173888e-01,2.472623978694735991e-01,2.202706466966057042e-01,2.271693987388870573e-01,1.469183907840163894e-01
1.504115550992513595e-01,2.366801021385329107e-01,2.454242546326011465e-01,2.039405864160199477e-01,1.635435017135946356e-01
7.631348450390525173e-02,3.133467013032371073e-01,2.576498104056579308e-01,1.887792431431068174e-01,1.639107606440927956e-01
1.089513191295731764e-01,2.875081611949957261e-01,1.996062789444335295e-01,2.522530885539895351e-01,1.516811521770079774e-01
1.250053559409931847e-01,2.519173325239680294e-01,2.129220918036233146e-01,2.199860257840164368e-01,1.901691939473989790e-01
1.225714527100383727e-01,2.243112140969194812e-01,2.135688799260970772e-01,2.795424659466371753e-01,1.600059873203079908e-01
1.092215341042953175e-01,2.383442342521505108e-01,1.547329471236977005e-01,2.875571861405700758e-01,2.101440983792864092e-01
9.858788384992721310e-02,2.542422828376159072e-01,1.827625938292626318e-01,2.701332245519454389e-01,1.942740149312489339e-01
9.485944685716114766e-02,2.374610285495293849e-01,2.044601163451788550e-01,2.610225694962264864e-01,2.021968387519040566e-01
1.333850165397695298e-01,2.571583393483779512e-01,1.727196433080188387e-01,2.254878003393234465e-01,2.112492004645102339e-01
1.540034686313649925e-01,2.302301706597960906e-01,2.140447055911848251e-01,1.915670782628835778e-01,2.101545768547704862e-01
1.441422511833562736e-01,1.870308726658433118e-01,1.818146397221677701e-01,2.350534128153443370e-01,2.519588236132883630e-01
1.909918176023943925e-01,2.495269590293285600e-01,1.555918873615134701e-01,1.942879168570325610e-01,2.096014191497310442e-01
9.794769540495934512e-02,3.063740834849062455e-01,2.275965910596626507e-01,1.580626622767184741e-01,2.100189677737533123e-01
1.303383800481394683e-01,3.104786550038940995e-01,2.049410652188390913e-01,1.259856002623838400e-01,2.282562994667435285e-01
1.197453037103601570e-01,3.298528519223073996e-01,1.940305513696317374e-01,1.820120404258217250e-01,1.743592525718789810e-01
1.538293855952447275e-01,3.291426806757372092e-01,1.962897843823525612e-01,1.435650399418321455e-01,1.771731094048333843e-01
8.680144006591834771e-02,2.534043651108614514e-01,2.004040948572320957e-01,1.674307863876206282e-01,2.919593135783673521e-01
8.793524804187768940e-02,3.177045483214284705e-01,2.293504482854214210e-01,1.537222598715129451e-01,2.112874954797594462e-01
1.387545876172947279e-01,2.879568200431976144e-01,1.841298126281966652e-01,1.690463886456429476e-01,2.201123910656679339e-01
1.111290662862014639e-01,3.043265265133437980e-01,1.833346325299902435e-01,1.632636023931046398e-01,2.379461722773598686e-01
1.256123685251907263e-01,3.141061208793701764e-01,1.548193082254889219e-01,1.408482364954192489e-01,2.646139658745309542e-01
2.009765331873310801e-01,2.747520056572402836e-01,1.711251712797131064e-01,1.329406685382211462e-01,2.202056213374944116e-01
1.618986591510105377e-01,2.768483728439178337e-01,2.353868287665712988e-01,1.336186663757837623e-01,1.922474728627166507e-01
1.755242581122749834e-01,2.548624451658085821e-01,1.927904797510761326e-01,1.662812265437026427e-01,2.105415904271376870e-01
2.325093197324439032e-01,1.673234278270781805e-01,1.709580406632100480e-01,1.924333795441117989e-01,2.367758322331560139e-01
1.288109857227340005e-01,1.870526474109559245e-01,2.665859563362922846e-01,1.782177664121832317e-01,2.393326441178345032e-01
1.496846483463297739e-01,2.553546069923921524e-01,1.680834263357140479e-01,2.162650061019762981e-01,2.106123122235877554e-01
1.765467575857956883e-01,2.810552946753819836e-01,1.808378686105932553e-01,1.191305411591490615e-01,2.424295379690800112e-01
1.417710480275424512e-01,2.748345056819792021e-01,2.183616003807962169e-01,1.630036300261717697e-01,2.020292158835103324e-01
2.362052617826076450e-01,2.540998915872590969e-01,1.800411738374050885e-01,1.361849236154663578e-01,1.934687491772618395e-01
2.189925395650074158e-01,2.946470987490470428e-01,1.571843228061733377e-01,1.014222372819439805e-01,2.277538015978282371e-01
2.136866081532790007e-01,2.806560681522993206e-01,2.072941595097904377e-01,1.207223502972250562e-01,1.776408138874062126e-01
1.625736988263556948e-01,2.984310633311996752e-01,1.766390342056912144e-01,1.348569679462814364e-01,2.274992356904719515e-01
2.031592015700169895e-01,2.488153865972528300e-01,2.163312010477163871e-01,1.136550623464291643e-01,2.180391484385845458e-01
1.852900117645515654e-01,2.406639692640581418e-01,2.818771280153993253e-01,1.311451411940679490e-01,1.610237497619229630e-01
1.808268625917031913e-01,2.749534591648999382e-01,2.772008844156856888e-01,1.075393370489777511e-01,1.594794567787333195e-01
2.223637769768564143e-01,2.458959123602053043e-01,1.984614197321685203e-01,1.148058840953160020e-01,2.184730068354537036e-01
1.700635772807190804e-01,2.891071564356937906e-01,2.249277901170056437e-01,1.545266416865060943e-01,1.613748344800754742e-01
1.699321748383525177e-01,2.901264023470797038e-01,2.095377828735490167e-01,1.482592903565597420e-01,1.821443495844590199e-01
1.360447394186718451e-01,2.338206749983411104e-01,2.658482806248716468e-01,1.817837781311802681e-01,1.825025268269351297e-01
1.880360697782212098e-01,2.664110714049539586e-01,1.681925203000079194e-01,1.393888432401008404e-01,2.379714952767160996e-01
1.933733359524105189e-01,3.005613506068384733e-01,1.709959134608385334e-01,1.744630516612049043e-01,1.606063483187075702e-01
2.516905130648799949e-01,2.408460453597109363e-01,1.439855686916765853e-01,2.006376788446246617e-01,1.628401940391077107e-01
1.599870316359534028e-01,2.176672405906504293e-01,2.022497067769380985e-01,2.011332028662432547e-01,2.189628181302148147e-01
1.577231095355401125e-01,2.363850159814744334e-01,2.315670048145948567e-01,2.107661762461943145e-01,1.635586934221963107e-01
1.280276468242820820e-01,2.876664254422242051e-01,2.081369725527887904e-01,2.020895096327528229e-01,1.740794455479520442e-01
1.289425258715937994e-01,2.638039613382179849e-01,2.396384777101360219e-01,1.563281921902515970e-01,2.112868428898005135e-01
1.708050613655054673e-01,2.938306082132089991e-01,2.567682598064011112e-01,1.645165151102518097e-01,1.140795555046325988e-01
2.019214376578935821e-01,1.846863830673668994e-01,2.351507419665469223e-01,2.042248371650376981e-01,1.740166001431548981e-01
2.314025672753240448e-01,2.368908500180484100e-01,1.824454612675682208e-01,1.893604484698418189e-01,1.599006729692175055e-01
2.051493055145113820e-01,2.061358534941363785e-01,2.581336048126472993e-01,1.653558682865039209e-01,1.652253678922010194e-01
1.301691119441650279e-01,2.395099811398772038e-01,2.841279698147625710e-01,1.776087752327106806e-01,1.685841618684844889e-01
1.189553891338869518e-01,2.076521341909193241e-01,2.247745316514163372e-01,2.845086079912049204e-01,1.641093370325725775e-01
1.565906944597694750e-01,2.161903392430374327e-01,2.226187851909063042e-01,2.348624489185493769e-01,1.697377321877373835e-01
1.719925483408608069e-01,2.384891561224478651e-01,1.951661175097355316e-01,1.527419030247976484e-01,2.416102750021581202e-01
2.043966932164830164e-01,2.119947022688742910e-01,2.015947592029080360e-01,1.863656657841254172e-01,1.956481795276092672e-01
2.188357945320972553e-01,2.215053969879685336e-01,2.255298343953611173e-01,1.788064632210142335e-01,1.553225108635588048e-01
2.091213499372929496e-01,2.093332347887743305e-01,2.238261065650110349e-01,1.996097344643218141e-01,1.581095742445997876e-01
1.756113298352198204e-01,2.635866492080031764e-01,2.003135050510723714e-01,1.753422756972357333e-01,1.851462402084689263e-01
2.212469502085909756e-01,2.217390677592153414e-01,1.836284300958203886e-01,1.338986409137160327e-01,2.394869110226574005e-01
1.858767676214281572e-01,1.884211778927417369e-01,1.959576322879765797e-01,1.856868977307417901e-01,2.440575244671116251e-01
1.859124068499824201e-01,2.195695903840042262e-01,1.921908518557024215e-01,2.151745769611801418e-01,1.871525739491307627e-01
1.832326696271097399e-01,2.977810110002276356e-01,1.765638283000093844e-01,2.107702842939414012e-01,1.316522067787119776e-01
2.152772248136588518e-01,2.517815314018134742e-01,1.598296281804450214e-01,1.961596100267344045e-01,1.769520055773482758e-01
2.210158012384964010e-01,2.193606570373841658e-01,2.179244593917736006e-01,2.115495743170558995e-01,1.301495080152900441e-01
1.841549389845046347e-01,2.646687131713573171e-01,1.840599227302640861e-01,2.324586029690383637e-01,1.346578221448355150e-01
1.832987506503805653e-01,2.483156561477029844e-01,1.794246032542939906e-01,2.465903680723089408e-01,1.423706218753134356e-01
1.283776348661562205e-01,2.624686767056826908e-01,1.330973395710401963e-01,2.818662071283520310e-01,1.941901417287688059e-01
1.232878521502274727e-01,3.262825392916607337e-01,1.358268441933294934e-01,2.129211002412593756e-01,2.016816641235230079e-01
1.652982369002633234e-01,2.811528086889847899e-01,1.341395434860421232e-01,2.303479737708305497e-01,1.890614371538791305e-01
2.104663077121641801e-01,2.366011218465004784e-01,1.319792002958959931e-01,2.353702908528155502e-01,1.855830792926237149e-01
1.509945440965606567e-01,2.563837321736290864e-01,1.702600976121554088e-01,2.066473709558135641e-01,2.157142551618413118e-01
2.062141191401299090e-01,2.619839480129372289e-01,1.204846355035301964e-01,1.985884038475322078e-01,2.127288934958705413e-01
1.543263090741622545e-01,2.185409424817537638e-01,1.561895056798627002e-01,2.233382967656272478e-01,2.476049459985941448e-01
1.366324820069989288e-01,2.096488935307120605e-01,3.001832349795829358e-01,2.124292964727718114e-01,1.411060930099342359e-01
1.725569521384456018e-01,2.213103288563074422e-01,2.460641217034805206e-01,1.996170961761783158e-01,1.604515011255881474e-01
1.788071892305078403e-01,2.170170681373100319e-01,2.275487409916005233e-01,2.654165025045949755e-01,1.112104991359866291e-01
1.861786223729919032e-01,1.619769630217229028e-01,1.958723021080596982e-01,2.831866432948900725e-01,1.727854692023353678e-01
1.779177678599438428e-01,1.977906836615782038e-01,1.706393543086351938e-01,2.973503880402383337e-01,1.563018061296044259e-01
2.087721434963981659e-01,1.643604323864244487e-01,1.475147058160819480e-01,2.772904154410780198e-01,2.020623028600174731e-01
1.770727498145090451e-01,1.810934286492721368e-01,1.874511426162338845e-01,2.824350327497727187e-01,1.719476461702122150e-01
2.093146299003965649e-01,2.068440778400550129e-01,1.664955474200791041e-01,2.301648348439644665e-01,1.871809099955048517e-01
1.604314234974036912e-01,2.324041931087274804e-01,1.885507710686673832e-01,2.550939013988939852e-01,1.635197109263074600e-01
1.510121896831619626e-01,2.216996003997029341e-01,2.334542142323512981e-01,1.795657359324929481e-01,2.142682597522909405e-01
1.284661691016509288e-01,1.839264457712397327e-01,1.813524710093995795e-01,2.313364370348080512e-01,2.749184770829017355e-01
1.514586225379827844e-01,2.183053177089812891e-01,1.903646730853314761e-01,2.054010479434145442e-01,2.344703387242899340e-01
1.358973506049982460e-01,2.386440590611210166e-01,1.916910943366817999e-01,1.880934423221004015e-01,2.456740536750984527e-01
2.141940016393536761e-01,1.849348223285973425e-01,2.073919364494250517e-01,1.709971747158028910e-01,2.224820648668209833e-01
1.951174899690621689e-01,1.760140660933528500e-01,2.448127550561127741e-01,1.988918460924025966e-01,1.851638427890696104e-01
1.602408109359644839e-01,1.666805555172005682e-01,1.817298512685765199e-01,2.143870507619232979e-01,2.769617315163352411e-01
1.432556054335280549e-01,2.242179923019552157e-01,1.865699078468559813e-01,1.983418645877506326e-01,2.476146298299101434e-01
1.049474444717757027e-01,2.271169163035843264e-01,2.655636836431163328e-01,2.165292631944278068e-01,1.858426923870958869e-01
1.725829731762871522e-01,2.127860335816003645e-01,1.749950300965428251e-01,1.969643934657378526e-01,2.426715696798317778e-01
1.109351448838404169e-01,2.292111673086162926e-01,1.722310075777940264e-01,2.517489597640046317e-01,2.358737204657447573e-01
1.268540432582156152e-01,2.518776294114400405e-01,1.972583146471474369e-01,2.214352217554069746e-01,2.025747909277900161e-01
9.622868703006820512e-02,2.069174497263778223e-01,1.906131770362016475e-01,2.818326031462990433e-01,2.244080830610532817e-01
7.569145666022669694e-02,2.023605504856759996e-01,1.814238364396056069e-01,2.627635913585485428e-01,2.777605650559432093e-01
9.307889253512205419e-02,2.145603742834863714e-01,2.440549456831496433e-01,2.776597121521595657e-01,1.706460753460823931e-01
1.199586413762022546e-01,1.945491947362159857e-01,1.963282928764318869e-01,1.990841718718050490e-01,2.900796991393447821e-01
5.978109649649692575e-02,2.546229571119216217e-01,1.883247983959323857e-01,2.255390057501030499e-01,2.717321422455459268e-01
7.564370678252367586e-02,2.229692908640103499e-01,2.328385934913838051e-01,2.161216044362585798e-01,2.524268044258235477e-01
1.644734306231287468e-01,2.018447021105456707e-01,2.041842882005231175e-01,2.108496417061151984e-01,2.186479373596871556e-01
1.687862301049409541e-01,2.362732699671356573e-01,1.669621822823094681e-01,1.997065870711131064e-01,2.282717305745007308e-01
1.188131931527989793e-01,2.467320202274229934e-01,1.994774525094579476e-01,2.093833364864169377e-01,2.255939976239030864e-01
1.053889135975260016e-01,1.815062126419455524e-01,1.827439501549084355e-01,3.079236966843857948e-01,2.224372269212342712e-01
1.357978927509946032e-01,2.273355125856297565e-01,1.614471085331546651e-01,1.990295303476039279e-01,2.763899557826170472e-01
9.654983327296769169e-02,2.113690932929092881e-01,1.829358892062302178e-01,2.427473032580659551e-01,2.663978809698269168e-01
1.204132945658650117e-01,1.842215265826544490e-01,1.694043913941953305e-01,2.881469991777985684e-01,2.378137882794865710e-01
1.531303657355102266e-01,1.747842266691430890e-01,1.489648882293198306e-01,2.440028887885265507e-01,2.791176305775003308e-01
1.340893455858461480e-01,1.559338912977827341e-01,1.917633292762535857e-01,2.397070609526847362e-01,2.785063728874327960e-01
1.168590052572363452e-01,2.171743068362135820e-01,1.793732836439635436e-01,2.362839283458191553e-01,2.503094759167674432e-01
8.514136293264820687e-02,2.443374407766829570e-01,1.919818101013952838e-01,2.266296630927250866e-01,2.519097230965484102e-01
9.680596945579922341e-02,2.496000856024696013e-01,1.462312721742973498e-01,2.838277860586018164e-01,2.235348867088320923e-01
1.908084040732280495e-01,2.231248665836083611e-01,1.227791119195060787e-01,2.504870818183404513e-01,2.128005356053169761e-01
1.391753409388021001e-01,2.513398323164735548e-01,1.767746442396005424e-01,2.051016219051337297e-01,2.276085605999900174e-01
1.323841200519935424e-01,2.001929055661514356e-01,2.233927832923744139e-01,2.287483539596458504e-01,2.152818371298347300e-01
1.343351372456496051e-01,1.791324523445588235e-01,2.458597748235236413e-01,2.333698638072640164e-01,2.073027717790038027e-01
1.579266841866977245e-01,2.667530154106447227e-01,1.325817282345202186e-01,2.453132908685749791e-01,1.974252812995623274e-01
1.475345399835269744e-01,2.270588867460136273e-01,1.729726239671548760e-01,2.589859930036795821e-01,1.934479562996249680e-01
1.831192859680852991e-01,2.022468416411143666e-01,1.939228650061718129e-01,2.037111303695385567e-01,2.169998770150900202e-01
1.698318451267548101e-01,1.810696093187442179e-01,1.961097613292878683e-01,2.585075124258743862e-01,1.944812717993388562e-01
1.501965613342008676e-01,1.433367780970843386e-01,1.895545009746959775e-01,2.911428384930302427e-01,2.257693211009886014e-01
2.126363676877995323e-01,1.850977293576540061e-01,2.045781714070482593e-01,2.067950409838112125e-01,1.908926905636870175e-01
2.394993306122362720e-01,1.772290017969173903e-01,1.746525969337890116e-01,2.467125510038658542e-01,1.619065196531913609e-01
1.963366133365441191e-01,2.080589319387230185e-01,1.624652474070319152e-01,1.964301314939581045e-01,2.367090758237428427e-01
2.120538170939695322e-01,1.972121174341467387e-01,1.850079081558965721e-01,1.816540550999223014e-01,2.240721022160648002e-01
2.635175389011816249e-01,1.721997788127625217e-01,1.731717127772465226e-01,2.115704923202705312e-01,1.795404771885388828e-01
1.662662686796487210e-01,2.111866724573421561e-01,1.713983248528609948e-01,2.186015082293495393e-01,2.325472257807985887e-01
1.114461706399434149e-01,1.793241775201634969e-01,2.574019748783111794e-01,2.360878596105159821e-01,2.157398173510659822e-01
1.604452215633291046e-01,2.127396281087802765e-01,1.976045804726473676e-01,1.969317661663191332e-01,2.322788036889241181e-01
2.579963376798254937e-01,1.973312717785409010e-01,1.213608416332927209e-01,1.706376778529394289e-01,2.526738710554012890e-01
2.425588400588926663e-01,2.085278395375366745e-01,1.021573835557890858e-01,2.057300464372223137e-01,2.410258904105591349e-01
1.750374263986788081e-01,2.544802269600792144e-01,1.377945490668400219e-01,2.316772654851860513e-01,2.010105320892158487e-01
1.925612747312005768e-01,2.150497007805793614e-01,1.148239183754794501e-01,1.869804387511858068e-01,2.905846673615546938e-01
1.672190449948514346e-01,2.286667449626341997e-01,1.149727901348708003e-01,2.178622684933431419e-01,2.712791514143004790e-01
1.670151907155523474e-01,2.500907446139357670e-01,1.528191138634653889e-01,1.795357354626038737e-01,2.505392153444425674e-01
1.421424238490635039e-01,1.946596365362747161e-01,1.669879903532306420e-01,2.031722192364126822e-01,2.930377300250184280e-01
1.552670441762206699e-01,2.419444580906673081e-01,1.578089339965743076e-01,2.629050550391701657e-01,1.820745086973674376e-01
1.445935030040061964e-01,2.352400522087483570e-01,1.071414409855190458e-01,1.915984321248766220e-01,3.214265716768496817e-01
1.563649946525357548e-01,1.934576687158692243e-01,1.310927388473170918e-01,1.894307766149699868e-01,3.296538211693078591e-01
1.774054995985170358e-01,2.611931966227672985e-01,1.317177799357761303e-01,1.368776125113117803e-01,2.928059113316276996e-01
2.073924179427761860e-01,2.186937419439588248e-01,1.477094209270736480e-01,1.451755305342413982e-01,2.810288886519499152e-01
1.604089153473189366e-01,2.490054755545861587e-01,1.061625014071324036e-01,1.370848889622227063e-01,3.473382187287399336e-01
2.174783106883070305e-01,1.886419587178243540e-01,1.752526745773132499e-01,1.494121020762892438e-01,2.692149539402660663e-01
2.145199638454995394e-01,1.218765015763610821e-01,1.717076829324702403e-01,2.280271212428976180e-01,2.638687304027715341e-01
1.908618794525414331e-01,2.133897461121790629e-01,1.756686505843246815e-01,2.067780670865602133e-01,2.133016567643944705e-01
1.904189344023711206e-01,1.879395959587970288e-01,1.875908615007021718e-01,1.425910543338192449e-01,2.914595538043103229e-01
2.291235135129761347e-01,1.618062523283435028e-01,1.594548725715362048e-01,1.295082083889713687e-01,3.201071531981728446e-01
2.236945225832445427e-01,1.389492139656452463e-01,1.825404150251123403e-01,1.104128639995644173e-01,3.444029844264334672e-01
2.084064616603750475e-01,1.777388008563927368e-01,1.870366532847849428e-01,1.477803884856239980e-01,2.790376957128232194e-01
2.207661552229563673e-01,1.553781583730690363e-01,1.549070214855187977e-01,1.649816468678964865e-01,3.039670180505592012e-01
2.355033752248319734e-01,1.814098978782060778e-01,1.416710112127373966e-01,1.696678685680167997e-01,2.717478471162076414e-01
2.019478245190165500e-01,1.604878823789514797e-01,1.670470431663316213e-01,1.902322941917803378e-01,2.802849557439200390e-01
2.493515767426206231e-01,1.342204247929716099e-01,1.903109556692431648e-01,1.939556723664037086e-01,2.321613704287608659e-01
2.212350752926812159e-01,1.996152445297209310e-01,1.464599732221650852e-01,2.201413776099300779e-01,2.125483293455026623e-01
1.510845364656684398e-01,1.838277682021646764e-01,1.143328109628675704e-01,2.918682115791424447e-01,2.588866727901569242e-01
1.607314140826940352e-01,1.831450236340954052e-01,1.771187962237506242e-01,2.429318970994985283e-01,2.360728689599614905e-01
2.004900301165664089e-01,2.113985104059749320e-01,1.248804507090174737e-01,2.274966975607143893e-01,2.357343112077268377e-01
2.248786431016869536e-01,1.852320495629675157e-01,1.391108869036203066e-01,2.276632514801675833e-01,2.231151689515576131e-01
2.047055546990205477e-01,1.821273935042377057e-01,1.385501648046927325e-01,2.312888042175566539e-01,2.433280827744923602e-01
1.883128935332884779e-01,1.915451611567448031e-01,1.807646322610813594e-01,2.083983606322670490e-01,2.309789524166182551e-01
2.136732714991933790e-01,1.927711326905058309e-01,1.400185958564795496e-01,2.282281749944310434e-01,2.253088249593901415e-01
1.957888447149601363e-01,2.302615206148082572e-01,1.770035417026350755e-01,1.724380371287272395e-01,2.245080558388691805e-01
1.698960395361978626e-01,2.090541771287323103e-01,1.985915809208331773e-01,2.398633674070892452e-01,1.825948350071473214e-01
2.403927119396086221e-01,2.258459603186834530e-01,1.341487771895859271e-01,2.058913896458083315e-01,1.937211609063138329e-01
1.804132976715167036e-01,2.142891189255110018e-01,1.424160485634172191e-01,2.378247589390857786e-01,2.250567759004693524e-01
2.244422329724226894e-01,1.650434581918933385e-01,1.922079833302098584e-01,2.242026254880823966e-01,1.941037000173916893e-01
2.189167870442058905e-01,2.081471369774698654e-01,1.658461560589735428e-01,1.863596196771719338e-01,2.207303002421786842e-01
2.477069276772038975e-01,2.365646488189813157e-01,1.398870354571770391e-01,1.798723940019127943e-01,1.959689940447248702e-01
2.084058941839974088e-01,2.026922269652633446e-01,1.379967052030587615e-01,2.174163438040115082e-01,2.334888298436690601e-01
1.881730252419186733e-01,2.631982592748015048e-01,1.281780843814384896e-01,2.099885312898995549e-01,2.104620998119418052e-01
2.117547736190500129e-01,2.267634706650211995e-01,1.302325743573607142e-01,2.270595353116119375e-01,2.041896460469561914e-01
2.031664376125886518e-01,2.649270551938299745e-01,1.744910082267881746e-01,1.586084124149616248e-01,1.988070865518316854e-01
1.971690355849272658e-01,2.875748261180530174e-01,1.443556437124021707e-01,1.925918563787403781e-01,1.783086382058771679e-01
2.489549477281506329e-01,2.598760998675478384e-01,9.018923995793753923e-02,1.975644427168351258e-01,2.034152697295288637e-01
2.396341883328165223e-01,2.829367307458642289e-01,1.246411178315103979e-01,1.339035796535620604e-01,2.188843834362466934e-01
2.366052171237111035e-01,3.153905782387481094e-01,1.039862823836550237e-01,1.755753108766583415e-01,1.684426113772274913e-01
2.323042411272542296e-01,2.805280528102949700e-01,1.455220448252630971e-01,1.549858824841148230e-01,1.866597787530729358e-01
1.718008356098788547e-01,3.798480156548504350e-01,1.857158145460093002e-01,1.318619335246853930e-01,1.307734006645759617e-01
2.027636516436946701e-01,3.216419784688677175e-01,1.280817267200671239e-01,1.800350855813778184e-01,1.674775575859926702e-01
2.259883475706818690e-01,2.531419623588617163e-01,1.672972602349010740e-01,1.990931496632021847e-01,1.544792801723531006e-01
1.653821356850361246e-01,3.737777777003463142e-01,1.395575810325891397e-01,1.611256439259612372e-01,1.601568616560670177e-01
1.644523330188613630e-01,3.504295568041066455e-01,1.054650539458057146e-01,1.424895147348280711e-01,2.371635414963982058e-01
1.835388852765739987e-01,3.332528494101746341e-01,1.718603473624546185e-01,1.378099642366637789e-01,1.735379537141330253e-01
2.172637766691519756e-01,3.353712828138348812e-01,1.437953352676655805e-01,8.382979329794407186e-02,2.197398119514033799e-01
1.989827648639515001e-01,2.501372622065478057e-01,1.342505849026564280e-01,1.526735916640148960e-01,2.639557963628293979e-01
1.834303904964422194e-01,2.558815271084343146e-01,1.443620048684053914e-01,2.181209482978196945e-01,1.982051292288983801e-01
1.970108100341410040e-01,2.831555789651656885e-01,1.983554972122042181e-01,1.630457524976396955e-01,1.584323612908493661e-01
1.569047387979495556e-01,3.231019761890492892e-01,1.304285384772179701e-01,1.914876590506889853e-01,1.980770874850941998e-01
1.896937736801943275e-01,2.660602701892889610e-01,1.752559608725838824e-01,1.754189729866253156e-01,1.935710222713075135e-01
2.127333811102521677e-01,3.327428706381870827e-01,1.721533519197748496e-01,1.081541806861874150e-01,1.742162156455984712e-01
1.794557966650363323e-01,3.789595772561395459e-01,1.481418633312666100e-01,1.460932523399265104e-01,1.473495104076309181e-01
1.743539009662684047e-01,3.289913193620718768e-01,1.757371496060090854e-01,1.442010372013844688e-01,1.767165928642661643e-01
1.909614114254499506e-01,3.092751547112940758e-01,1.700388758769006137e-01,1.778770546987478995e-01,1.518475032876073494e-01
1.938484419093229882e-01,2.827168257238197313e-01,2.116616280760709179e-01,1.297841861896270599e-01,1.819889181011592194e-01
2.374546687187763516e-01,2.869867820806555336e-01,1.709014701595065189e-01,1.485193089161925550e-01,1.561377701248690408e-01
2.307733947705751798e-01,2.860733524469601941e-01,1.469903431732793309e-01,1.383340238965336810e-01,1.978288857126516420e-01
1.828840610281334822e-01,2.690166350825035080e-01,1.940437268441823071e-01,1.360413526081352686e-01,2.180142244370454063e-01
2.602941122704368060e-01,3.365499050398592096e-01,1.494647201425212957e-01,8.364895611179393176e-02,1.700423064353887292e-01
2.222919568592780781e-01,2.954376403377256821e-01,2.028654361429527986e-01,1.183975036890699689e-01,1.610074629709734861e-01
2.231900026778535495e-01,2.674530463167909544e-01,1.413997048397704348e-01,1.552522677405024087e-01,2.127049784250826803e-01
2.164122081708834411e-01,2.824779467756507456e-01,1.450568817689529277e-01,1.710763917079690943e-01,1.849765715765438190e-01
2.342186505715364297e-01,3.286611498651906826e-01,9.729873424473212129e-02,1.782832384027357164e-01,1.615382269158050776e-01
2.095197951777824641e-01,2.839716899618054402e-01,1.761880696682875391e-01,1.704808758787215717e-01,1.598395693134029849e-01
2.283985881448659105e-01,2.538242220653136316e-01,1.534938157657317892e-01,1.481520232405078019e-01,2.161313507835808667e-01
2.327184228481508077e-01,2.479306342852233558e-01,1.365020611258023209e-01,2.337999128348221822e-01,1.490489689060012501e-01
1.400943562067351877e-01,3.045637882669430252e-01,1.913405669975243306e-01,2.152772730993436912e-01,1.487240154294535988e-01
1.381697652296818013e-01,3.759205567789389857e-01,1.677425033297495760e-01,2.119165435934201591e-01,1.062506310682095334e-01
1.619568155308201418e-01,3.955592691709290953e-01,1.476381084376677810e-01,2.085636250016549564e-01,8.628218185892806702e-02
1.434673055967512767e-01,3.430383203698714745e-01,2.179010310407918927e-01,1.970977595632941726e-01,9.849558342929121135e-02
1.293711243736859751e-01,2.927645816573472559e-01,2.126504800422983621e-01,1.967610035443279337e-01,1.684528103823404732e-01
1.447113657102133688e-01,3.701611491498508766e-01,1.610858570433985615e-01,2.124037940493714582e-01,1.116378340471656516e-01
1.712362483326528573e-01,3.530180616395150461e-01,1.398728320136422287e-01,2.133544514431837957e-01,1.225184065710061554e-01
2.644881033145977667e-01,3.118106705205693219e-01,1.578356954474702534e-01,1.619572399387134432e-01,1.039082907786491733e-01
2.190301032496659861e-01,2.904098108721753224e-01,1.594529799420273397e-01,1.511352425623181672e-01,1.799718633738131568e-01
1.822955481561644164e-01,2.784401109211042669e-01,1.853496893713205140e-01,1.755183499418810356e-01,1.783963016095298226e-01
1.534993556015062655e-01,2.638066534912303363e-01,2.021785748358223000e-01,2.001907895202779397e-01,1.803246265511631308e-01
1.537090536351446990e-01,3.279044221805671455e-01,1.508777886558321790e-01,1.366910956731403892e-01,2.308176398553156705e-01
1.644553044004072040e-01,3.042416938270146032e-01,2.096655955936183313e-01,1.647700999059388827e-01,1.568673062730210344e-01
2.062997443983049517e-01,3.069452218468008975e-01,1.863157389607889847e-01,2.028224346243043819e-01,9.761686016980070102e-02
2.117961970301761865e-01,2.861273959165993030e-01,1.558203952714501128e-01,1.856112407394803210e-01,1.606447710422939934e-01
1.853876823930154794e-01,2.783588293657122681e-01,2.152789507621140908e-01,1.602323594472683244e-01,1.607421780318898097e-01
2.109928095519970626e-01,2.804933348463450882e-01,2.192561316423825291e-01,9.908332752121633280e-02,1.901743964380590013e-01
1.937455091779237693e-01,2.329254649630026208e-01,2.420684452467733450e-01,1.531113146539705150e-01,1.781492659583298610e-01
2.129100459982680715e-01,2.453011523180970155e-01,2.407004095149347378e-01,1.479580278468005938e-01,1.531303643218995536e-01
2.002381991924392368e-01,2.846290491545725998e-01,2.404179232331459248e-01,1.290771037497449036e-01,1.456377246700973072e-01
1.750256433455023020e-01,3.121056099774701664e-01,2.172485267723055780e-01,1.292634253744214812e-01,1.663567945303004170e-01
1.870585191349201371e-01,2.110610295107100964e-01,2.897355571497746696e-01,1.311603268636685471e-01,1.809845673409265776e-01
1.716321930451312205e-01,2.722506937308877828e-01,2.313151582578005239e-01,1.366381434593292865e-01,1.881638115068511585e-01
2.097914287841790293e-01,2.974451658861947401e-01,1.978865467081753204e-01,1.366497634576592513e-01,1.582270951637917422e-01
1.569371215729025715e-01,2.995022664234736620e-01,2.120167489840653341e-01,1.329579037003756348e-01,1.985859593191827976e-01
1.815308033068975813e-01,2.532164758918726832e-01,1.823949332359088293e-01,1.658657750737101144e-01,2.169920124916107085e-01
1.341597956129410296e-01,3.060128210898428458e-01,1.782804340345602589e-01,1.849367191043753134e-01,1.966102301582806355e-01
1.618371614927454072e-01,3.070778955324000026e-01,1.451255260342791953e-01,2.280633851151909197e-01,1.578960318253844752e-01
2.186693033964652588e-01,2.791772491042517346e-01,1.661600502562534110e-01,1.855267902179350559e-01,1.504666070250946230e-01
1.822580009823778491e-01,3.172011092533920107e-01,1.596401952948753589e-01,1.489130615712608574e-01,1.919876328980938962e-01
1.343078183392505121e-01,3.192823241546567381e-01,1.778232141790942189e-01,1.439116496902565490e-01,2.246749936367419265e-01
1.072248303819797466e-01,3.568991634362830845e-01,1.847219471463775187e-01,1.060408486820328955e-01,2.451132103533267825e-01
1.833298306544163814e-01,3.434920272850023326e-01,1.679250447502534382e-01,9.733797156406596984e-02,2.079151257462618085e-01
1.909694456657465567e-01,2.933563395927962780e-01,1.900825012599642316e-01,7.115884767776649300e-02,2.544328658037264823e-01
1.814692377260432588e-01,3.756777313424557452e-01,2.148662729289561590e-01,6.067062942773007034e-02,1.673161285748148430e-01
1.723340643630392743e-01,2.947971588662192666e-01,2.206118445541827011e-01,1.064658428854766414e-01,2.057910893310821443e-01
1.758754058627884365e-01,3.034570063980287502e-01,1.972292113849671569e-01,1.167751887986412940e-01,2.066631875555743902e-01
1.558477857411609546e-01,3.534992693548707487e-01,1.705437650989925502e-01,1.164456603515286182e-01,2.036635194534470450e-01
1.559952134309925409e-01,2.914368954655560118e-01,2.403840903424140918e-01,1.257694506453236882e-01,1.864143501157136951e-01
1.842839994108672885e-01,3.038233506211127644e-01,2.183151342664947092e-01,1.251644865456049693e-01,1.684130291559202963e-01
1.499646816510776248e-01,3.288143745901403459e-01,2.410982036569534470e-01,7.866767490116589878e-02,2.014550652006627807e-01
1.518499755532351225e-01,3.564622135119123181e-01,1.925024202368127713e-01,7.703756423277308141e-02,2.221478264652665957e-01
2.196815569106697896e-01,2.637573066380624609e-01,2.040659110460947279e-01,7.753276516762808157e-02,2.349624602375449123e-01
1.708105253161929793e-01,3.322369169666420929e-01,1.770010598813998026e-01,1.540718808210796431e-01,1.658796170146854820e-01
2.039849071919249690e-01,2.778113855624717021e-01,2.027961960030585653e-01,1.246864274203613454e-01,1.907210838221833349e-01
2.794725505337204430e-01,2.801578684948363707e-01,1.333180521247966654e-01,1.465422264591081380e-01,1.605093023875383551e-01
2.100867306240556398e-01,3.052063768262565646e-01,1.389311067769749830e-01,1.275580177151429406e-01,2.182177680575698164e-01
2.205033404902094762e-01,2.798379078872044734e-01,1.410720392472014639e-01,1.600161138518381432e-01,1.985705985235465265e-01
1.578571016128006155e-01,3.254199641455727821e-01,1.349996996612937705e-01,1.783970637893582123e-01,2.033261707909745364e-01
1.516538602164917982e-01,2.768059445180534595e-01,1.574391403116280619e-01,1.623756048796459184e-01,2.517254500741807899e-01
1.158509486664010685e-01,3.268022915389126593e-01,1.559787846512791232e-01,1.708557280151925817e-01,2.305122471282144980e-01
1.635782799693018263e-01,2.409731609689808041e-01,2.196306340773311050e-01,1.543125371685040992e-01,2.215053878158821099e-01
1.551460049292180676e-01,3.251594723073180648e-01,1.580303617652370207e-01,1.766001290255002354e-01,1.850640319727265004e-01
2.010525162601793092e-01,2.356919398117454656e-01,1.857734607952749029e-01,1.439419541826491566e-01,2.335401289501510824e-01
1.977393987309138679e-01,2.994213914148498579e-01,1.759809669931018672e-01,1.229189061176588493e-01,2.039393367434753912e-01
